<?xml version="1.0" encoding="utf-8"?>
<COLLADA xmlns="http://www.collada.org/2005/11/COLLADASchema" version="1.4.1">
  <asset><contributor><author>Mixamo</author><authoring_tool>COLLADA Mixamo exporter</authoring_tool><comments></comments></contributor><created>2021-03-07T19:42:39Z</created><modified>2021-03-07T19:42:39Z</modified><revision></revision><title></title><unit meter="0.010000"/><up_axis>Y_UP</up_axis></asset>
  <library_animations>
    <animation id="Hips-anim" name="Hips"><source id="Hips-Matrix-animation-input"><float_array id="Hips-Matrix-animation-input-array" count="22">

0.000000 0.033333 0.066667 0.100000 0.133333 0.166667 0.200000 0.233333 0.266667 0.300000 0.333333 0.366667 0.400000 0.433333 0.466667 0.500000
0.533333 0.566667 0.600000 0.633333 0.666667 0.700000</float_array><technique_common><accessor source="#Hips-Matrix-animation-input-array" count="22"><param name="TIME" type="float"/></accessor></technique_common></source><source id="Hips-Matrix-animation-output-transform"><float_array id="Hips-Matrix-animation-output-transform-array" count="352">

0.992871 0.103474 0.059162 -0.637445 -0.097558 0.990647 -0.095393 101.437897 -0.068479 0.088942 0.993680 -1.096527 0.000000 0.000000 0.000000 1.000000
0.994893 0.091839 0.041872 0.371270 -0.087569 0.991676 -0.094399 105.312553 -0.050193 0.090250 0.994653 2.585185 0.000000 0.000000 0.000000 1.000000
0.996099 0.070733 0.052757 0.725235 -0.065903 0.993915 -0.088256 111.804726 -0.058678 0.084435 0.994700 5.878617 0.000000 0.000000 0.000000 1.000000
0.995699 0.019423 0.090592 1.152672 -0.011315 0.995952 -0.089168 117.592728 -0.091957 0.087760 0.991888 8.041191 0.000000 0.000000 0.000000 1.000000
0.995565 -0.003479 0.094016 1.171637 0.012304 0.995548 -0.093453 118.248253 -0.093272 0.094195 0.991175 8.787640 0.000000 0.000000 0.000000 1.000000
0.998539 -0.009138 0.053249 1.335486 0.012896 0.997417 -0.070659 117.101036 -0.052466 0.071243 0.996078 7.681373 0.000000 0.000000 0.000000 1.000000
0.998465 -0.021341 0.051106 1.351194 0.023906 0.998457 -0.050113 115.418625 -0.049958 0.051258 0.997435 5.942707 0.000000 0.000000 0.000000 1.000000
0.996395 -0.034560 0.077471 1.198676 0.037867 0.998415 -0.041631 112.791855 -0.075910 0.044415 0.996125 3.515506 0.000000 0.000000 0.000000 1.000000
0.996310 -0.041100 0.075342 0.579608 0.044102 0.998280 -0.038631 106.295105 -0.073625 0.041811 0.996409 1.010983 0.000000 0.000000 0.000000 1.000000
0.996173 -0.051200 0.070833 0.046967 0.055243 0.996882 -0.056344 100.450089 -0.067727 0.060041 0.995896 -1.077504 0.000000 0.000000 0.000000 1.000000
0.994998 -0.062226 0.078150 -0.454944 0.067378 0.995601 -0.065112 98.998260 -0.073755 0.070052 0.994813 -1.188159 0.000000 0.000000 0.000000 1.000000
0.995185 -0.042263 0.088431 -0.390975 0.048684 0.996234 -0.071751 102.207909 -0.085065 0.075711 0.993495 1.154254 0.000000 0.000000 0.000000 1.000000
0.997945 -0.009685 0.063336 -0.195076 0.015394 0.995796 -0.090294 107.640877 -0.062196 0.091083 0.993899 4.542891 0.000000 0.000000 0.000000 1.000000
0.998925 0.044562 0.012801 -0.123673 -0.042617 0.991240 -0.125007 112.092476 -0.018259 0.124327 0.992073 5.425684 0.000000 0.000000 0.000000 1.000000
0.997458 0.071253 0.000124 0.157276 -0.070398 0.985761 -0.152704 115.833740 -0.011003 0.152308 0.988272 3.908184 0.000000 0.000000 0.000000 1.000000
0.997080 0.075928 0.008137 0.224726 -0.074164 0.988242 -0.133707 115.704887 -0.018193 0.132713 0.990988 2.586163 0.000000 0.000000 0.000000 1.000000
0.997173 0.073711 0.014573 0.063158 -0.071587 0.990931 -0.113715 113.879349 -0.022823 0.112350 0.993407 1.860245 0.000000 0.000000 0.000000 1.000000
0.996187 0.080123 0.034510 -0.183457 -0.075794 0.990768 -0.112399 111.039062 -0.043197 0.109355 0.993064 -0.328532 0.000000 0.000000 0.000000 1.000000
0.995278 0.075409 0.061121 -0.477136 -0.068349 0.991539 -0.110355 106.458420 -0.068926 0.105656 0.992011 -1.242395 0.000000 0.000000 0.000000 1.000000
0.991586 0.101709 0.080079 -0.874735 -0.092300 0.989238 -0.113527 101.228226 -0.090764 0.105180 0.990303 -2.993298 0.000000 0.000000 0.000000 1.000000
0.987158 0.132312 0.089517 -0.931369 -0.123023 0.987111 -0.102362 99.047165 -0.101907 0.090035 0.990711 -3.146589 0.000000 0.000000 0.000000 1.000000
0.992871 0.103474 0.059162 -0.637445 -0.097558 0.990647 -0.095393 101.437897 -0.068479 0.088942 0.993680 -1.096527 0.000000 0.000000 0.000000 1.000000</float_array><technique_common><accessor source="#Hips-Matrix-animation-output-transform-array" count="22" stride="16"><param type="float4x4"/></accessor></technique_common></source><source id="Hips-Interpolations"><Name_array id="Hips-Interpolations-array" count="22">
 LINEAR LINEAR LINEAR LINEAR LINEAR LINEAR LINEAR LINEAR LINEAR LINEAR LINEAR
LINEAR LINEAR LINEAR LINEAR LINEAR LINEAR LINEAR LINEAR LINEAR LINEAR LINEAR</Name_array><technique_common><accessor source="#Hips-Interpolations-array" count="22"><param type="name"/></accessor></technique_common></source><sampler id="Hips-Matrix-animation-transform"><input semantic="INPUT" source="#Hips-Matrix-animation-input"/><input semantic="OUTPUT" source="#Hips-Matrix-animation-output-transform"/><input semantic="INTERPOLATION" source="#Hips-Interpolations"/></sampler><channel source="#Hips-Matrix-animation-transform" target="Hips/matrix"/></animation>
    <animation id="Spine-anim" name="Spine"><source id="Spine-Matrix-animation-input"><float_array id="Spine-Matrix-animation-input-array" count="22">

0.000000 0.033333 0.066667 0.100000 0.133333 0.166667 0.200000 0.233333 0.266667 0.300000 0.333333 0.366667 0.400000 0.433333 0.466667 0.500000
0.533333 0.566667 0.600000 0.633333 0.666667 0.700000</float_array><technique_common><accessor source="#Spine-Matrix-animation-input-array" count="22"><param name="TIME" type="float"/></accessor></technique_common></source><source id="Spine-Matrix-animation-output-transform"><float_array id="Spine-Matrix-animation-output-transform-array" count="352">

0.996932 -0.075826 0.019438 0.072000 0.077211 0.993404 -0.084772 7.257300 -0.012882 0.086012 0.996211 -0.789700 0.000000 0.000000 0.000000 1.000000
0.996070 -0.074633 0.047701 0.072000 0.078118 0.994049 -0.075920 7.257300 -0.041751 0.079348 0.995972 -0.789700 0.000000 0.000000 0.000000 1.000000
0.995845 -0.058490 0.069790 0.072000 0.063185 0.995745 -0.067075 7.257300 -0.065570 0.071206 0.995304 -0.789700 0.000000 0.000000 0.000000 1.000000
0.996786 -0.015714 0.078550 0.072000 0.020319 0.998100 -0.058164 7.257300 -0.077487 0.059573 0.995212 -0.789700 0.000000 0.000000 0.000000 1.000000
0.996116 0.014038 0.086927 0.072000 -0.009728 0.998712 -0.049806 7.257300 -0.087514 0.048767 0.994969 -0.789700 0.000000 0.000000 0.000000 1.000000
0.994884 0.028652 0.096873 0.072000 -0.023608 0.998325 -0.052819 7.257300 -0.098224 0.050261 0.993894 -0.789700 0.000000 0.000000 0.000000 1.000000
0.994065 0.041479 0.100573 0.072000 -0.035515 0.997543 -0.060390 7.257300 -0.102831 0.056460 0.993095 -0.789700 0.000000 0.000000 0.000000 1.000000
0.993746 0.053598 0.097964 0.072000 -0.046803 0.996421 -0.070396 7.257300 -0.101387 0.065371 0.992697 -0.789700 0.000000 0.000000 0.000000 1.000000
0.994142 0.059015 0.090553 0.072000 -0.051597 0.995281 -0.082180 7.257300 -0.094975 0.077026 0.992495 -0.789700 0.000000 0.000000 0.000000 1.000000
0.995972 0.069483 0.056671 0.072000 -0.064240 0.993903 -0.089608 7.257300 -0.062552 0.085607 0.994363 -0.789700 0.000000 0.000000 0.000000 1.000000
0.996734 0.080206 0.009382 0.072000 -0.078971 0.992410 -0.094270 7.257300 -0.016872 0.093221 0.995502 -0.789700 0.000000 0.000000 0.000000 1.000000
0.996557 0.077376 -0.029774 0.072000 -0.079835 0.992467 -0.092929 7.257300 0.022359 0.094986 0.995227 -0.789700 0.000000 0.000000 0.000000 1.000000
0.996707 0.055190 -0.059408 0.072000 -0.060051 0.994704 -0.083409 7.257300 0.054490 0.086702 0.994743 -0.789700 0.000000 0.000000 0.000000 1.000000
0.996645 0.006577 -0.081576 0.072000 -0.012693 0.997126 -0.074688 7.257300 0.080850 0.075473 0.993865 -0.789700 0.000000 0.000000 0.000000 1.000000
0.995464 -0.033931 -0.088883 0.072000 0.027585 0.997047 -0.071674 7.257300 0.091053 0.068897 0.993460 -0.789700 0.000000 0.000000 0.000000 1.000000
0.994094 -0.054470 -0.093860 0.072000 0.047065 0.995733 -0.079379 7.257300 0.097783 0.074493 0.992416 -0.789700 0.000000 0.000000 0.000000 1.000000
0.993686 -0.061387 -0.093914 0.072000 0.053552 0.995043 -0.083791 7.257300 0.098593 0.078233 0.992048 -0.789700 0.000000 0.000000 0.000000 1.000000
0.992935 -0.070915 -0.095137 0.072000 0.062754 0.994300 -0.086192 7.257300 0.100707 0.079613 0.991726 -0.789700 0.000000 0.000000 0.000000 1.000000
0.993401 -0.072383 -0.088962 0.072000 0.064453 0.993944 -0.088997 7.257300 0.094865 0.082676 0.992051 -0.789700 0.000000 0.000000 0.000000 1.000000
0.994909 -0.080204 -0.061028 0.072000 0.074322 0.992870 -0.093198 7.257300 0.068067 0.088187 0.993776 -0.789700 0.000000 0.000000 0.000000 1.000000
0.995575 -0.090657 -0.024718 0.072000 0.087990 0.991740 -0.093326 7.257300 0.032974 0.090739 0.995329 -0.789700 0.000000 0.000000 0.000000 1.000000
0.996932 -0.075826 0.019438 0.072000 0.077211 0.993404 -0.084772 7.257300 -0.012882 0.086012 0.996211 -0.789700 0.000000 0.000000 0.000000 1.000000</float_array><technique_common><accessor source="#Spine-Matrix-animation-output-transform-array" count="22" stride="16"><param type="float4x4"/></accessor></technique_common></source><source id="Spine-Interpolations"><Name_array id="Spine-Interpolations-array" count="22">
 LINEAR LINEAR LINEAR LINEAR LINEAR LINEAR LINEAR LINEAR LINEAR LINEAR LINEAR
LINEAR LINEAR LINEAR LINEAR LINEAR LINEAR LINEAR LINEAR LINEAR LINEAR LINEAR</Name_array><technique_common><accessor source="#Spine-Interpolations-array" count="22"><param type="name"/></accessor></technique_common></source><sampler id="Spine-Matrix-animation-transform"><input semantic="INPUT" source="#Spine-Matrix-animation-input"/><input semantic="OUTPUT" source="#Spine-Matrix-animation-output-transform"/><input semantic="INTERPOLATION" source="#Spine-Interpolations"/></sampler><channel source="#Spine-Matrix-animation-transform" target="Spine/matrix"/></animation>
    <animation id="Spine1-anim" name="Spine1"><source id="Spine1-Matrix-animation-input"><float_array id="Spine1-Matrix-animation-input-array" count="22">

0.000000 0.033333 0.066667 0.100000 0.133333 0.166667 0.200000 0.233333 0.266667 0.300000 0.333333 0.366667 0.400000 0.433333 0.466667 0.500000
0.533333 0.566667 0.600000 0.633333 0.666667 0.700000</float_array><technique_common><accessor source="#Spine1-Matrix-animation-input-array" count="22"><param name="TIME" type="float"/></accessor></technique_common></source><source id="Spine1-Matrix-animation-output-transform"><float_array id="Spine1-Matrix-animation-output-transform-array" count="352">

0.998355 -0.030016 0.048854 0.000000 0.037968 0.984541 -0.170987 8.466900 -0.042966 0.172561 0.984061 -0.921300 0.000000 0.000000 0.000000 1.000000
0.995990 -0.013418 0.088458 -0.000000 0.027234 0.987242 -0.156879 8.466900 -0.085224 0.158659 0.983648 -0.921300 0.000000 0.000000 0.000000 1.000000
0.992362 0.003357 0.123312 -0.000000 0.014187 0.989892 -0.141112 8.466900 -0.122539 0.141784 0.982284 -0.921300 0.000000 0.000000 0.000000 1.000000
0.989283 0.022627 0.144245 0.000000 -0.005191 0.992745 -0.120125 8.466900 -0.145917 0.118089 0.982224 -0.921300 0.000000 0.000000 0.000000 1.000000
0.986450 0.035565 0.160161 -0.000000 -0.019525 0.994732 -0.100629 8.466900 -0.162896 0.096138 0.981948 -0.921300 0.000000 0.000000 0.000000 1.000000
0.985806 0.036932 0.163773 0.000000 -0.019933 0.994351 -0.104249 8.466900 -0.166698 0.099505 0.980974 -0.921300 0.000000 0.000000 0.000000 1.000000
0.987959 0.037194 0.150177 0.000000 -0.019574 0.992921 -0.117149 8.466900 -0.153471 0.112799 0.981694 -0.921300 0.000000 0.000000 0.000000 1.000000
0.990749 0.037564 0.130402 0.000000 -0.019739 0.990596 -0.135385 8.466900 -0.134261 0.131558 0.982174 -0.921300 0.000000 0.000000 0.000000 1.000000
0.993339 0.043428 0.106735 -0.000000 -0.026039 0.986900 -0.159218 8.466900 -0.112251 0.155378 0.981457 -0.921300 0.000000 0.000000 0.000000 1.000000
0.997490 0.040017 0.058407 0.000000 -0.029253 0.984185 -0.174710 8.466900 -0.064475 0.172563 0.982886 -0.921300 0.000000 0.000000 0.000000 1.000000
0.999645 0.026149 -0.005026 -0.000000 -0.026627 0.981972 -0.187142 8.466900 0.000042 0.187210 0.982320 -0.921300 0.000000 0.000000 0.000000 1.000000
0.998241 -0.003660 -0.059174 0.000000 -0.007636 0.981842 -0.189548 8.466900 0.058793 0.189666 0.980087 -0.921300 0.000000 0.000000 0.000000 1.000000
0.994546 -0.038755 -0.096836 0.000000 0.021346 0.984385 -0.174727 8.466900 0.102096 0.171707 0.979843 -0.921300 0.000000 0.000000 0.000000 1.000000
0.989479 -0.062563 -0.130447 -0.000000 0.041870 0.986912 -0.155731 8.466900 0.138482 0.148631 0.979148 -0.921300 0.000000 0.000000 0.000000 1.000000
0.985021 -0.078115 -0.153727 -0.000000 0.055597 0.987768 -0.145684 8.466900 0.163227 0.134955 0.977315 -0.921300 0.000000 0.000000 0.000000 1.000000
0.983948 -0.080203 -0.159417 0.000000 0.054830 0.985975 -0.157629 8.466900 0.169824 0.146357 0.974546 -0.921300 0.000000 0.000000 0.000000 1.000000
0.986555 -0.078119 -0.143549 0.000000 0.053963 0.984806 -0.165061 8.466900 0.154263 0.155096 0.975781 -0.921300 0.000000 0.000000 0.000000 1.000000
0.988146 -0.078699 -0.131807 -0.000000 0.055909 0.984123 -0.168451 8.466900 0.142972 0.159085 0.976858 -0.921300 0.000000 0.000000 0.000000 1.000000
0.991318 -0.074948 -0.108034 -0.000000 0.055390 0.983214 -0.173848 8.466900 0.119250 0.166354 0.978829 -0.921300 0.000000 0.000000 0.000000 1.000000
0.995337 -0.073555 -0.062397 0.000000 0.061073 0.981296 -0.182562 8.466900 0.074658 0.177900 0.981212 -0.921300 0.000000 0.000000 0.000000 1.000000
0.997375 -0.070543 -0.016316 0.000000 0.066346 0.980647 -0.184199 8.466900 0.028994 0.182633 0.982754 -0.921300 0.000000 0.000000 0.000000 1.000000
0.998355 -0.030016 0.048854 0.000000 0.037968 0.984541 -0.170987 8.466900 -0.042966 0.172561 0.984061 -0.921300 0.000000 0.000000 0.000000 1.000000</float_array><technique_common><accessor source="#Spine1-Matrix-animation-output-transform-array" count="22" stride="16"><param type="float4x4"/></accessor></technique_common></source><source id="Spine1-Interpolations"><Name_array id="Spine1-Interpolations-array" count="22">
 LINEAR LINEAR LINEAR LINEAR LINEAR LINEAR LINEAR LINEAR LINEAR LINEAR LINEAR
LINEAR LINEAR LINEAR LINEAR LINEAR LINEAR LINEAR LINEAR LINEAR LINEAR LINEAR</Name_array><technique_common><accessor source="#Spine1-Interpolations-array" count="22"><param type="name"/></accessor></technique_common></source><sampler id="Spine1-Matrix-animation-transform"><input semantic="INPUT" source="#Spine1-Matrix-animation-input"/><input semantic="OUTPUT" source="#Spine1-Matrix-animation-output-transform"/><input semantic="INTERPOLATION" source="#Spine1-Interpolations"/></sampler><channel source="#Spine1-Matrix-animation-transform" target="Spine1/matrix"/></animation>
    <animation id="Spine2-anim" name="Spine2"><source id="Spine2-Matrix-animation-input"><float_array id="Spine2-Matrix-animation-input-array" count="22">

0.000000 0.033333 0.066667 0.100000 0.133333 0.166667 0.200000 0.233333 0.266667 0.300000 0.333333 0.366667 0.400000 0.433333 0.466667 0.500000
0.533333 0.566667 0.600000 0.633333 0.666667 0.700000</float_array><technique_common><accessor source="#Spine2-Matrix-animation-input-array" count="22"><param name="TIME" type="float"/></accessor></technique_common></source><source id="Spine2-Matrix-animation-output-transform"><float_array id="Spine2-Matrix-animation-output-transform-array" count="352">

0.998355 -0.030016 0.048854 -0.000000 0.037968 0.984541 -0.170988 29.059401 -0.042967 0.172561 0.984061 -1.052900 0.000000 0.000000 0.000000 1.000000
0.995990 -0.013418 0.088458 0.000000 0.027234 0.987242 -0.156879 29.059401 -0.085224 0.158659 0.983648 -1.052900 0.000000 0.000000 0.000000 1.000000
0.992362 0.003357 0.123312 0.000000 0.014187 0.989892 -0.141112 29.059401 -0.122539 0.141784 0.982284 -1.052900 0.000000 0.000000 0.000000 1.000000
0.989283 0.022627 0.144245 0.000000 -0.005191 0.992745 -0.120125 29.059401 -0.145917 0.118089 0.982224 -1.052900 0.000000 0.000000 0.000000 1.000000
0.986450 0.035565 0.160160 0.000000 -0.019525 0.994732 -0.100629 29.059401 -0.162896 0.096138 0.981948 -1.052900 0.000000 0.000000 0.000000 1.000000
0.985806 0.036932 0.163773 0.000000 -0.019933 0.994351 -0.104249 29.059401 -0.166698 0.099505 0.980974 -1.052900 0.000000 0.000000 0.000000 1.000000
0.987959 0.037194 0.150177 0.000000 -0.019574 0.992921 -0.117149 29.059401 -0.153471 0.112799 0.981694 -1.052900 0.000000 0.000000 0.000000 1.000000
0.990749 0.037564 0.130402 0.000000 -0.019739 0.990596 -0.135385 29.059401 -0.134261 0.131558 0.982174 -1.052900 0.000000 0.000000 0.000000 1.000000
0.993339 0.043428 0.106735 0.000000 -0.026039 0.986900 -0.159218 29.059401 -0.112251 0.155378 0.981457 -1.052900 0.000000 0.000000 0.000000 1.000000
0.997490 0.040017 0.058407 0.000000 -0.029253 0.984185 -0.174710 29.059401 -0.064475 0.172563 0.982886 -1.052900 0.000000 0.000000 0.000000 1.000000
0.999645 0.026148 -0.005026 0.000000 -0.026627 0.981972 -0.187142 29.059401 0.000042 0.187210 0.982320 -1.052900 0.000000 0.000000 0.000000 1.000000
0.998241 -0.003660 -0.059174 -0.000000 -0.007636 0.981842 -0.189548 29.059401 0.058793 0.189667 0.980087 -1.052900 0.000000 0.000000 0.000000 1.000000
0.994546 -0.038755 -0.096836 0.000000 0.021346 0.984385 -0.174728 29.059401 0.102096 0.171707 0.979843 -1.052900 0.000000 0.000000 0.000000 1.000000
0.989479 -0.062563 -0.130447 -0.000000 0.041870 0.986912 -0.155731 29.059401 0.138483 0.148631 0.979148 -1.052900 0.000000 0.000000 0.000000 1.000000
0.985021 -0.078115 -0.153727 0.000000 0.055597 0.987768 -0.145684 29.059401 0.163227 0.134955 0.977315 -1.052900 0.000000 0.000000 0.000000 1.000000
0.983948 -0.080203 -0.159417 0.000000 0.054830 0.985975 -0.157629 29.059401 0.169824 0.146358 0.974546 -1.052900 0.000000 0.000000 0.000000 1.000000
0.986555 -0.078119 -0.143550 0.000000 0.053963 0.984806 -0.165061 29.059401 0.154263 0.155096 0.975781 -1.052900 0.000000 0.000000 0.000000 1.000000
0.988146 -0.078699 -0.131807 -0.000000 0.055909 0.984123 -0.168451 29.059401 0.142972 0.159085 0.976858 -1.052900 0.000000 0.000000 0.000000 1.000000
0.991318 -0.074948 -0.108034 -0.000000 0.055390 0.983214 -0.173847 29.059401 0.119250 0.166354 0.978829 -1.052900 0.000000 0.000000 0.000000 1.000000
0.995337 -0.073555 -0.062397 -0.000000 0.061073 0.981296 -0.182562 29.059401 0.074658 0.177900 0.981212 -1.052900 0.000000 0.000000 0.000000 1.000000
0.997375 -0.070543 -0.016316 0.000000 0.066346 0.980647 -0.184199 29.059401 0.028994 0.182633 0.982754 -1.052900 0.000000 0.000000 0.000000 1.000000
0.998355 -0.030016 0.048854 -0.000000 0.037968 0.984541 -0.170988 29.059401 -0.042967 0.172561 0.984061 -1.052900 0.000000 0.000000 0.000000 1.000000</float_array><technique_common><accessor source="#Spine2-Matrix-animation-output-transform-array" count="22" stride="16"><param type="float4x4"/></accessor></technique_common></source><source id="Spine2-Interpolations"><Name_array id="Spine2-Interpolations-array" count="22">
 LINEAR LINEAR LINEAR LINEAR LINEAR LINEAR LINEAR LINEAR LINEAR LINEAR LINEAR
LINEAR LINEAR LINEAR LINEAR LINEAR LINEAR LINEAR LINEAR LINEAR LINEAR LINEAR</Name_array><technique_common><accessor source="#Spine2-Interpolations-array" count="22"><param type="name"/></accessor></technique_common></source><sampler id="Spine2-Matrix-animation-transform"><input semantic="INPUT" source="#Spine2-Matrix-animation-input"/><input semantic="OUTPUT" source="#Spine2-Matrix-animation-output-transform"/><input semantic="INTERPOLATION" source="#Spine2-Interpolations"/></sampler><channel source="#Spine2-Matrix-animation-transform" target="Spine2/matrix"/></animation>
    <animation id="Neck-anim" name="Neck"><source id="Neck-Matrix-animation-input"><float_array id="Neck-Matrix-animation-input-array" count="22">

0.000000 0.033333 0.066667 0.100000 0.133333 0.166667 0.200000 0.233333 0.266667 0.300000 0.333333 0.366667 0.400000 0.433333 0.466667 0.500000
0.533333 0.566667 0.600000 0.633333 0.666667 0.700000</float_array><technique_common><accessor source="#Neck-Matrix-animation-input-array" count="22"><param name="TIME" type="float"/></accessor></technique_common></source><source id="Neck-Matrix-animation-output-transform"><float_array id="Neck-Matrix-animation-output-transform-array" count="352">

0.998465 0.007577 -0.054863 0.000000 -0.000366 0.991478 0.130270 14.033300 0.055382 -0.130050 0.989959 7.520400 0.000000 0.000000 0.000000 1.000000
0.996896 0.019106 -0.076371 0.000000 -0.008832 0.991122 0.132664 14.033300 0.078228 -0.131578 0.988214 7.520400 0.000000 0.000000 0.000000 1.000000
0.994094 0.009508 -0.108101 0.000000 0.002986 0.993380 0.114837 14.033300 0.108478 -0.114481 0.987485 7.520400 0.000000 0.000000 0.000000 1.000000
0.991785 0.010401 -0.127490 -0.000000 0.001978 0.995322 0.096592 14.033300 0.127898 -0.096051 0.987125 7.520400 0.000000 0.000000 0.000000 1.000000
0.989549 -0.007671 -0.143994 -0.000000 0.015297 0.998534 0.051927 14.033300 0.143385 -0.053587 0.988215 7.520400 0.000000 0.000000 0.000000 1.000000
0.989677 -0.025513 -0.141025 0.000000 0.029022 0.999317 0.022885 14.033300 0.140345 -0.026742 0.989741 7.520400 0.000000 0.000000 0.000000 1.000000
0.991887 -0.007040 -0.126924 0.000000 0.011374 0.999376 0.033455 14.033300 0.126609 -0.034627 0.991348 7.520400 0.000000 0.000000 0.000000 1.000000
0.992798 -0.005584 -0.119669 0.000000 0.010990 0.998946 0.044567 14.033300 0.119294 -0.045561 0.991813 7.520400 0.000000 0.000000 0.000000 1.000000
0.993754 -0.023328 -0.109128 0.000000 0.032332 0.996150 0.081489 14.033300 0.106807 -0.084508 0.990682 7.520400 0.000000 0.000000 0.000000 1.000000
0.996500 -0.027115 -0.079078 0.000000 0.035412 0.993790 0.105482 14.033300 0.075727 -0.107913 0.991272 7.520400 0.000000 0.000000 0.000000 1.000000
0.999161 -0.012875 -0.038886 0.000000 0.017251 0.993288 0.114374 14.033300 0.037152 -0.114949 0.992676 7.520400 0.000000 0.000000 0.000000 1.000000
0.999112 -0.036681 -0.020743 0.000000 0.039281 0.988902 0.143282 14.033300 0.015258 -0.143970 0.989464 7.520400 0.000000 0.000000 0.000000 1.000000
0.999287 0.021230 0.031229 -0.000000 -0.025097 0.991302 0.129192 14.033300 -0.028215 -0.129883 0.991128 7.520400 0.000000 0.000000 0.000000 1.000000
0.997906 0.004524 0.064527 0.000000 -0.014466 0.987893 0.154459 14.033300 -0.063047 -0.155069 0.985890 7.520400 0.000000 0.000000 0.000000 1.000000
0.996213 0.005410 0.086781 0.000000 -0.020289 0.984974 0.171507 14.033300 -0.084550 -0.172619 0.981353 7.520400 0.000000 0.000000 0.000000 1.000000
0.995232 0.013044 0.096661 -0.000000 -0.030297 0.983339 0.179241 14.033300 -0.092713 -0.181315 0.979045 7.520400 0.000000 0.000000 0.000000 1.000000
0.995988 0.021531 0.086859 -0.000000 -0.034963 0.987103 0.156221 14.033300 -0.082375 -0.158631 0.983896 7.520400 0.000000 0.000000 0.000000 1.000000
0.996209 0.031453 0.081110 -0.000000 -0.043023 0.988479 0.145112 14.033300 -0.075612 -0.148052 0.986085 7.520400 0.000000 0.000000 0.000000 1.000000
0.995684 0.055416 0.074446 0.000000 -0.066329 0.985968 0.153189 14.033300 -0.064912 -0.157465 0.985389 7.520400 0.000000 0.000000 0.000000 1.000000
0.998210 0.047049 0.036931 -0.000000 -0.052447 0.985348 0.162291 14.033300 -0.028755 -0.163937 0.986052 7.520400 0.000000 0.000000 0.000000 1.000000
0.999081 0.042798 -0.002178 0.000000 -0.041947 0.987086 0.154603 14.033300 0.008766 -0.154370 0.987974 7.520400 0.000000 0.000000 0.000000 1.000000
0.998465 0.007577 -0.054863 0.000000 -0.000366 0.991478 0.130270 14.033300 0.055382 -0.130050 0.989959 7.520400 0.000000 0.000000 0.000000 1.000000</float_array><technique_common><accessor source="#Neck-Matrix-animation-output-transform-array" count="22" stride="16"><param type="float4x4"/></accessor></technique_common></source><source id="Neck-Interpolations"><Name_array id="Neck-Interpolations-array" count="22">
 LINEAR LINEAR LINEAR LINEAR LINEAR LINEAR LINEAR LINEAR LINEAR LINEAR LINEAR
LINEAR LINEAR LINEAR LINEAR LINEAR LINEAR LINEAR LINEAR LINEAR LINEAR LINEAR</Name_array><technique_common><accessor source="#Neck-Interpolations-array" count="22"><param type="name"/></accessor></technique_common></source><sampler id="Neck-Matrix-animation-transform"><input semantic="INPUT" source="#Neck-Matrix-animation-input"/><input semantic="OUTPUT" source="#Neck-Matrix-animation-output-transform"/><input semantic="INTERPOLATION" source="#Neck-Interpolations"/></sampler><channel source="#Neck-Matrix-animation-transform" target="Neck/matrix"/></animation>
    <animation id="Head-anim" name="Head"><source id="Head-Matrix-animation-input"><float_array id="Head-Matrix-animation-input-array" count="22">

0.000000 0.033333 0.066667 0.100000 0.133333 0.166667 0.200000 0.233333 0.266667 0.300000 0.333333 0.366667 0.400000 0.433333 0.466667 0.500000
0.533333 0.566667 0.600000 0.633333 0.666667 0.700000</float_array><technique_common><accessor source="#Head-Matrix-animation-input-array" count="22"><param name="TIME" type="float"/></accessor></technique_common></source><source id="Head-Matrix-animation-output-transform"><float_array id="Head-Matrix-animation-output-transform-array" count="352">

0.987594 0.090815 -0.128108 0.000000 -0.057729 0.968649 0.241632 8.198500 0.146036 -0.231239 0.961874 5.703100 0.000000 0.000000 0.000000 1.000000
0.975794 0.083797 -0.201999 0.000000 -0.042689 0.978893 0.199864 8.198500 0.214483 -0.186403 0.958776 5.703100 0.000000 0.000000 0.000000 1.000000
0.957954 0.084562 -0.274178 0.000000 -0.037339 0.984198 0.173088 8.198500 0.284483 -0.155573 0.945974 5.703100 0.000000 0.000000 0.000000 1.000000
0.940384 0.052648 -0.336014 0.000000 -0.015807 0.993644 0.111451 8.198500 0.339746 -0.099496 0.935240 5.703100 0.000000 0.000000 0.000000 1.000000
0.931204 0.051046 -0.360907 0.000000 -0.014226 0.994480 0.103953 8.198500 0.364221 -0.091667 0.926790 5.703100 0.000000 0.000000 0.000000 1.000000
0.942001 0.065988 -0.329058 0.000000 -0.028125 0.992552 0.118530 8.198500 0.334428 -0.102401 0.936841 5.703100 0.000000 0.000000 0.000000 1.000000
0.944878 0.027019 -0.326307 -0.000000 0.003490 0.995702 0.092554 8.198500 0.327405 -0.088591 0.940722 5.703100 0.000000 0.000000 0.000000 1.000000
0.945484 -0.009167 -0.325539 0.000000 0.043517 0.994196 0.098393 8.198500 0.322748 -0.107196 0.940395 5.703100 0.000000 0.000000 0.000000 1.000000
0.956296 -0.033052 -0.290527 0.000000 0.074930 0.988114 0.134227 8.198500 0.282637 -0.150130 0.947406 5.703100 0.000000 0.000000 0.000000 1.000000
0.972242 -0.061276 -0.225810 0.000000 0.110912 0.970474 0.214192 8.198500 0.206018 -0.233292 0.950332 5.703100 0.000000 0.000000 0.000000 1.000000
0.984650 -0.083840 -0.153088 0.000000 0.121702 0.958489 0.257850 8.198500 0.125115 -0.272523 0.953980 5.703100 0.000000 0.000000 0.000000 1.000000
0.996402 -0.054169 -0.065186 0.000000 0.069100 0.964549 0.254695 8.198500 0.049078 -0.258283 0.964822 5.703100 0.000000 0.000000 0.000000 1.000000
0.998550 -0.053496 0.005989 -0.000000 0.050330 0.967300 0.248591 8.198500 -0.019092 -0.247929 0.968590 5.703100 0.000000 0.000000 0.000000 1.000000
0.991852 -0.027532 0.124383 0.000000 0.005423 0.984607 0.174701 8.198500 -0.127278 -0.172603 0.976733 5.703100 0.000000 0.000000 0.000000 1.000000
0.982253 -0.006468 0.187448 0.000000 -0.024852 0.986105 0.164251 8.198500 -0.185906 -0.165995 0.968444 5.703100 0.000000 0.000000 0.000000 1.000000
0.978103 -0.001826 0.208116 0.000000 -0.036766 0.982719 0.181417 8.198500 -0.204851 -0.185096 0.961133 5.703100 0.000000 0.000000 0.000000 1.000000
0.980500 0.033284 0.193679 0.000000 -0.072698 0.977071 0.200120 8.198500 -0.182577 -0.210298 0.960438 5.703100 0.000000 0.000000 0.000000 1.000000
0.982984 0.052703 0.175966 0.000000 -0.088757 0.974980 0.203804 8.198500 -0.160822 -0.215955 0.963068 5.703100 0.000000 0.000000 0.000000 1.000000
0.992033 0.037550 0.120252 -0.000000 -0.063202 0.974074 0.217224 8.198500 -0.108977 -0.223094 0.968686 5.703100 0.000000 0.000000 0.000000 1.000000
0.996762 0.064214 0.048392 0.000000 -0.074679 0.962409 0.261135 8.198500 -0.029804 -0.263903 0.964089 5.703100 0.000000 0.000000 0.000000 1.000000
0.996117 0.077053 -0.042592 0.000000 -0.063277 0.962947 0.262160 8.198500 0.061214 -0.258447 0.964084 5.703100 0.000000 0.000000 0.000000 1.000000
0.987594 0.090815 -0.128108 0.000000 -0.057729 0.968649 0.241632 8.198500 0.146036 -0.231239 0.961874 5.703100 0.000000 0.000000 0.000000 1.000000</float_array><technique_common><accessor source="#Head-Matrix-animation-output-transform-array" count="22" stride="16"><param type="float4x4"/></accessor></technique_common></source><source id="Head-Interpolations"><Name_array id="Head-Interpolations-array" count="22">
 LINEAR LINEAR LINEAR LINEAR LINEAR LINEAR LINEAR LINEAR LINEAR LINEAR LINEAR
LINEAR LINEAR LINEAR LINEAR LINEAR LINEAR LINEAR LINEAR LINEAR LINEAR LINEAR</Name_array><technique_common><accessor source="#Head-Interpolations-array" count="22"><param type="name"/></accessor></technique_common></source><sampler id="Head-Matrix-animation-transform"><input semantic="INPUT" source="#Head-Matrix-animation-input"/><input semantic="OUTPUT" source="#Head-Matrix-animation-output-transform"/><input semantic="INTERPOLATION" source="#Head-Interpolations"/></sampler><channel source="#Head-Matrix-animation-transform" target="Head/matrix"/></animation>
    <animation id="LeftShoulder-anim" name="LeftShoulder"><source id="LeftShoulder-Matrix-animation-input"><float_array id="LeftShoulder-Matrix-animation-input-array" count="22">

0.000000 0.033333 0.066667 0.100000 0.133333 0.166667 0.200000 0.233333 0.266667 0.300000 0.333333 0.366667 0.400000 0.433333 0.466667 0.500000
0.533333 0.566667 0.600000 0.633333 0.666667 0.700000</float_array><technique_common><accessor source="#LeftShoulder-Matrix-animation-input-array" count="22"><param name="TIME" type="float"/></accessor></technique_common></source><source id="LeftShoulder-Matrix-animation-output-transform"><float_array id="LeftShoulder-Matrix-animation-output-transform-array" count="352">

0.987192 0.158097 -0.021404 12.584900 -0.158506 0.987175 -0.018993 11.570600 0.018127 0.022142 0.999590 -1.338000 0.000000 0.000000 0.000000 1.000000
0.988846 0.148812 -0.006251 12.584900 -0.148909 0.988648 -0.020039 11.570600 0.003198 0.020746 0.999780 -1.338000 0.000000 0.000000 0.000000 1.000000
0.990545 0.136733 0.011175 12.584900 -0.136479 0.990421 -0.020953 11.570600 -0.013933 0.019229 0.999718 -1.338000 0.000000 0.000000 0.000000 1.000000
0.991820 0.124495 0.028190 12.584900 -0.123917 0.992062 -0.021386 11.570600 -0.030629 0.017718 0.999374 -1.338000 0.000000 0.000000 0.000000 1.000000
0.992370 0.116426 0.040570 12.584900 -0.115635 0.993063 -0.021314 11.570600 -0.042770 0.016460 0.998949 -1.338000 0.000000 0.000000 0.000000 1.000000
0.992088 0.117991 0.042888 12.584900 -0.117175 0.992888 -0.021079 11.570600 -0.045070 0.015887 0.998858 -1.338000 0.000000 0.000000 0.000000 1.000000
0.990795 0.131739 0.031161 12.584900 -0.131131 0.991146 -0.020824 11.570600 -0.033629 0.016546 0.999297 -1.338000 0.000000 0.000000 0.000000 1.000000
0.988105 0.153677 0.005569 12.584900 -0.153539 0.987941 -0.019963 11.570600 -0.008570 0.018871 0.999785 -1.338000 0.000000 0.000000 0.000000 1.000000
0.984252 0.174400 -0.028870 12.584900 -0.174958 0.984411 -0.018034 11.570600 0.025275 0.022801 0.999420 -1.338000 0.000000 0.000000 0.000000 1.000000
0.980555 0.185413 -0.064300 12.584900 -0.186779 0.982274 -0.015875 11.570600 0.060216 0.027576 0.997804 -1.338000 0.000000 0.000000 0.000000 1.000000
0.978291 0.185272 -0.092848 12.584900 -0.187416 0.982168 -0.014846 11.570600 0.088442 0.031924 0.995570 -1.338000 0.000000 0.000000 0.000000 1.000000
0.977644 0.179816 -0.108990 12.584900 -0.182500 0.983090 -0.015092 11.570600 0.104433 0.034645 0.993928 -1.338000 0.000000 0.000000 0.000000 1.000000
0.977951 0.176266 -0.111991 12.584900 -0.179090 0.983709 -0.015596 11.570600 0.107417 0.035309 0.993587 -1.338000 0.000000 0.000000 0.000000 1.000000
0.978322 0.177364 -0.106904 12.584900 -0.180021 0.983538 -0.015665 11.570600 0.102365 0.034571 0.994146 -1.338000 0.000000 0.000000 0.000000 1.000000
0.978190 0.181254 -0.101446 12.584900 -0.183712 0.982860 -0.015361 11.570600 0.096923 0.033663 0.994722 -1.338000 0.000000 0.000000 0.000000 1.000000
0.977536 0.185333 -0.100378 12.584900 -0.187730 0.982108 -0.014898 11.570600 0.095821 0.033407 0.994838 -1.338000 0.000000 0.000000 0.000000 1.000000
0.976683 0.188563 -0.102634 12.584900 -0.191004 0.981483 -0.014416 11.570600 0.098015 0.033683 0.994615 -1.338000 0.000000 0.000000 0.000000 1.000000
0.976351 0.190034 -0.103077 12.584900 -0.192477 0.981199 -0.014204 11.570600 0.098440 0.033708 0.994572 -1.338000 0.000000 0.000000 0.000000 1.000000
0.977504 0.187591 -0.096414 12.584900 -0.189849 0.981703 -0.014728 11.570600 0.091887 0.032700 0.995232 -1.338000 0.000000 0.000000 0.000000 1.000000
0.980448 0.179817 -0.079919 12.584900 -0.181641 0.983233 -0.016111 11.570600 0.075682 0.030312 0.996671 -1.338000 0.000000 0.000000 0.000000 1.000000
0.984208 0.168547 -0.054091 12.584900 -0.169716 0.985333 -0.017773 11.570600 0.050302 0.026673 0.998378 -1.338000 0.000000 0.000000 0.000000 1.000000
0.987192 0.158097 -0.021404 12.584900 -0.158506 0.987175 -0.018993 11.570600 0.018127 0.022142 0.999590 -1.338000 0.000000 0.000000 0.000000 1.000000</float_array><technique_common><accessor source="#LeftShoulder-Matrix-animation-output-transform-array" count="22" stride="16"><param type="float4x4"/></accessor></technique_common></source><source id="LeftShoulder-Interpolations"><Name_array id="LeftShoulder-Interpolations-array" count="22">
 LINEAR LINEAR LINEAR LINEAR LINEAR LINEAR LINEAR LINEAR LINEAR LINEAR LINEAR
LINEAR LINEAR LINEAR LINEAR LINEAR LINEAR LINEAR LINEAR LINEAR LINEAR LINEAR</Name_array><technique_common><accessor source="#LeftShoulder-Interpolations-array" count="22"><param type="name"/></accessor></technique_common></source><sampler id="LeftShoulder-Matrix-animation-transform"><input semantic="INPUT" source="#LeftShoulder-Matrix-animation-input"/><input semantic="OUTPUT" source="#LeftShoulder-Matrix-animation-output-transform"/><input semantic="INTERPOLATION" source="#LeftShoulder-Interpolations"/></sampler><channel source="#LeftShoulder-Matrix-animation-transform" target="LeftShoulder/matrix"/></animation>
    <animation id="LeftArm-anim" name="LeftArm"><source id="LeftArm-Matrix-animation-input"><float_array id="LeftArm-Matrix-animation-input-array" count="22">

0.000000 0.033333 0.066667 0.100000 0.133333 0.166667 0.200000 0.233333 0.266667 0.300000 0.333333 0.366667 0.400000 0.433333 0.466667 0.500000
0.533333 0.566667 0.600000 0.633333 0.666667 0.700000</float_array><technique_common><accessor source="#LeftArm-Matrix-animation-input-array" count="22"><param name="TIME" type="float"/></accessor></technique_common></source><source id="LeftArm-Matrix-animation-output-transform"><float_array id="LeftArm-Matrix-animation-output-transform-array" count="352">

0.330307 0.900627 0.282434 13.906000 -0.828225 0.420073 -0.370922 -6.096500 -0.452705 -0.111401 0.884674 1.965100 0.000000 0.000000 0.000000 1.000000
0.366202 0.875567 0.315083 13.906000 -0.787812 0.471924 -0.395778 -6.096500 -0.495226 -0.103291 0.862602 1.965100 0.000000 0.000000 0.000000 1.000000
0.424029 0.845111 0.325556 13.906000 -0.738229 0.530769 -0.416296 -6.096500 -0.524611 -0.063814 0.848947 1.965100 0.000000 0.000000 0.000000 1.000000
0.486819 0.811394 0.323493 13.906000 -0.685743 0.584403 -0.433853 -6.096500 -0.541076 -0.010625 0.840906 1.965100 0.000000 0.000000 0.000000 1.000000
0.537712 0.781588 0.316206 13.906000 -0.641972 0.622663 -0.447397 -6.096500 -0.546570 0.037575 0.836570 1.965100 0.000000 0.000000 0.000000 1.000000
0.572334 0.761483 0.304266 13.906000 -0.621602 0.644880 -0.444680 -6.096500 -0.534832 0.065374 0.842426 1.965100 0.000000 0.000000 0.000000 1.000000
0.600191 0.749762 0.278617 13.906000 -0.634542 0.658390 -0.404821 -6.096500 -0.486958 0.066176 0.870915 1.965100 0.000000 0.000000 0.000000 1.000000
0.624867 0.746759 0.227798 13.906000 -0.678711 0.663783 -0.314234 -6.096500 -0.385866 0.041745 0.921610 1.965100 0.000000 0.000000 0.000000 1.000000
0.629873 0.761490 0.152947 13.906000 -0.738890 0.648169 -0.184169 -6.096500 -0.239379 0.002992 0.970922 1.965100 0.000000 0.000000 0.000000 1.000000
0.601003 0.795425 0.078069 13.906000 -0.794411 0.605239 -0.050960 -6.096500 -0.087785 -0.031392 0.995645 1.965100 0.000000 0.000000 0.000000 1.000000
0.555706 0.830785 0.031428 13.906000 -0.831005 0.553926 0.050962 -6.096500 0.024930 -0.054437 0.998206 1.965100 0.000000 0.000000 0.000000 1.000000
0.527282 0.849380 0.022969 13.906000 -0.845504 0.521813 0.113285 -6.096500 0.084236 -0.079153 0.993297 1.965100 0.000000 0.000000 0.000000 1.000000
0.530160 0.846683 0.045378 13.906000 -0.841805 0.519192 0.147662 -6.096500 0.101463 -0.116484 0.987996 1.965100 0.000000 0.000000 0.000000 1.000000
0.553298 0.828979 0.081579 13.906000 -0.827464 0.535733 0.168207 -6.096500 0.095736 -0.160573 0.982370 1.965100 0.000000 0.000000 0.000000 1.000000
0.575992 0.809249 0.115537 13.906000 -0.813510 0.553589 0.178160 -6.096500 0.080216 -0.196609 0.977195 1.965100 0.000000 0.000000 0.000000 1.000000
0.582898 0.799683 0.144005 13.906000 -0.810972 0.561538 0.164316 -6.096500 0.050536 -0.212563 0.975840 1.965100 0.000000 0.000000 0.000000 1.000000
0.568471 0.804510 0.172061 13.906000 -0.822670 0.557777 0.109998 -6.096500 -0.007477 -0.204080 0.978926 1.965100 0.000000 0.000000 0.000000 1.000000
0.533700 0.822154 0.198059 13.906000 -0.840478 0.541590 0.016626 -6.096500 -0.093598 -0.175337 0.980049 1.965100 0.000000 0.000000 0.000000 1.000000
0.485429 0.847644 0.214145 13.906000 -0.853469 0.512561 -0.094194 -6.096500 -0.189605 -0.137041 0.972250 1.965100 0.000000 0.000000 0.000000 1.000000
0.434161 0.872963 0.222353 13.906000 -0.856023 0.476679 -0.200004 -6.096500 -0.280587 -0.103506 0.954231 1.965100 0.000000 0.000000 0.000000 1.000000
0.383426 0.892192 0.238700 13.906000 -0.847762 0.442542 -0.292329 -6.096500 -0.366448 -0.090274 0.926049 1.965100 0.000000 0.000000 0.000000 1.000000
0.330307 0.900627 0.282434 13.906000 -0.828225 0.420073 -0.370922 -6.096500 -0.452705 -0.111401 0.884674 1.965100 0.000000 0.000000 0.000000 1.000000</float_array><technique_common><accessor source="#LeftArm-Matrix-animation-output-transform-array" count="22" stride="16"><param type="float4x4"/></accessor></technique_common></source><source id="LeftArm-Interpolations"><Name_array id="LeftArm-Interpolations-array" count="22">
 LINEAR LINEAR LINEAR LINEAR LINEAR LINEAR LINEAR LINEAR LINEAR LINEAR LINEAR
LINEAR LINEAR LINEAR LINEAR LINEAR LINEAR LINEAR LINEAR LINEAR LINEAR LINEAR</Name_array><technique_common><accessor source="#LeftArm-Interpolations-array" count="22"><param type="name"/></accessor></technique_common></source><sampler id="LeftArm-Matrix-animation-transform"><input semantic="INPUT" source="#LeftArm-Matrix-animation-input"/><input semantic="OUTPUT" source="#LeftArm-Matrix-animation-output-transform"/><input semantic="INTERPOLATION" source="#LeftArm-Interpolations"/></sampler><channel source="#LeftArm-Matrix-animation-transform" target="LeftArm/matrix"/></animation>
    <animation id="LeftForeArm-anim" name="LeftForeArm"><source id="LeftForeArm-Matrix-animation-input"><float_array id="LeftForeArm-Matrix-animation-input-array" count="22">

0.000000 0.033333 0.066667 0.100000 0.133333 0.166667 0.200000 0.233333 0.266667 0.300000 0.333333 0.366667 0.400000 0.433333 0.466667 0.500000
