<?xml version="1.0" encoding="utf-8"?>
<COLLADA xmlns="http://www.collada.org/2005/11/COLLADASchema" version="1.4.1">
  <asset><contributor><author>Mixamo</author><authoring_tool>COLLADA Mixamo exporter</authoring_tool><comments></comments></contributor><created>2021-03-11T07:57:24Z</created><modified>2021-03-11T07:57:24Z</modified><revision></revision><title></title><unit meter="0.010000"/><up_axis>Y_UP</up_axis></asset>
  <library_animations>
    <animation id="Hips-anim" name="Hips"><source id="Hips-Matrix-animation-input"><float_array id="Hips-Matrix-animation-input-array" count="290">

0.000000 0.033333 0.066667 0.100000 0.133333 0.166667 0.200000 0.233333 0.266667 0.300000 0.333333 0.366667 0.400000 0.433333 0.466667 0.500000
0.533333 0.566667 0.600000 0.633333 0.666667 0.700000 0.733333 0.766667 0.800000 0.833333 0.866667 0.900000 0.933333 0.966667 1.000000 1.033333
1.066667 1.100000 1.133333 1.166667 1.200000 1.233333 1.266667 1.300000 1.333333 1.366667 1.400000 1.433333 1.466667 1.500000 1.533333 1.566667
1.600000 1.633333 1.666667 1.700000 1.733333 1.766667 1.800000 1.833333 1.866667 1.900000 1.933333 1.966667 2.000000 2.033333 2.066667 2.100000
2.133333 2.166667 2.200000 2.233333 2.266667 2.300000 2.333333 2.366667 2.400000 2.433333 2.466667 2.500000 2.533333 2.566667 2.600000 2.633333
2.666667 2.700000 2.733333 2.766667 2.800000 2.833333 2.866667 2.900000 2.933333 2.966667 3.000000 3.033333 3.066667 3.100000 3.133333 3.166667
3.200000 3.233333 3.266667 3.300000 3.333333 3.366667 3.400000 3.433333 3.466667 3.500000 3.533333 3.566667 3.600000 3.633333 3.666667 3.700000
3.733333 3.766667 3.800000 3.833333 3.866667 3.900000 3.933333 3.966667 4.000000 4.033333 4.066667 4.100000 4.133333 4.166667 4.200000 4.233333
4.266667 4.300000 4.333333 4.366667 4.400000 4.433333 4.466667 4.500000 4.533333 4.566667 4.600000 4.633333 4.666667 4.700000 4.733333 4.766667
4.800000 4.833333 4.866667 4.900000 4.933333 4.966667 5.000000 5.033333 5.066667 5.100000 5.133333 5.166667 5.200000 5.233333 5.266667 5.300000
5.333333 5.366667 5.400000 5.433333 5.466667 5.500000 5.533333 5.566667 5.600000 5.633333 5.666667 5.700000 5.733333 5.766667 5.800000 5.833333
5.866667 5.900000 5.933333 5.966667 6.000000 6.033333 6.066667 6.100000 6.133333 6.166667 6.200000 6.233333 6.266667 6.300000 6.333333 6.366667
6.400000 6.433333 6.466667 6.500000 6.533333 6.566667 6.600000 6.633333 6.666667 6.700000 6.733333 6.766667 6.800000 6.833333 6.866667 6.900000
6.933333 6.966667 7.000000 7.033333 7.066667 7.100000 7.133333 7.166667 7.200000 7.233333 7.266667 7.300000 7.333333 7.366667 7.400000 7.433333
7.466667 7.500000 7.533333 7.566667 7.600000 7.633333 7.666667 7.700000 7.733333 7.766667 7.800000 7.833333 7.866667 7.900000 7.933333 7.966667
8.000000 8.033333 8.066667 8.100000 8.133333 8.166667 8.200000 8.233333 8.266667 8.300000 8.333333 8.366667 8.400000 8.433333 8.466667 8.500000
8.533333 8.566667 8.600000 8.633333 8.666667 8.700000 8.733333 8.766667 8.800000 8.833333 8.866667 8.900000 8.933333 8.966667 9.000000 9.033333
9.066667 9.100000 9.133333 9.166667 9.200000 9.233333 9.266667 9.300000 9.333333 9.366667 9.400000 9.433333 9.466667 9.500000 9.533333 9.566667
9.600000 9.633333</float_array><technique_common><accessor source="#Hips-Matrix-animation-input-array" count="290"><param name="TIME" type="float"/></accessor></technique_common></source><source id="Hips-Matrix-animation-output-transform"><float_array id="Hips-Matrix-animation-output-transform-array" count="4640">

0.999534 0.029695 0.007003 -0.069798 -0.029943 0.998816 0.038339 116.163269 -0.005857 -0.038531 0.999240 1.402416 0.000000 0.000000 0.000000 1.000000
0.999472 0.031847 0.006433 0.171598 -0.032073 0.998732 0.038793 116.105057 -0.005190 -0.038979 0.999227 1.377804 0.000000 0.000000 0.000000 1.000000
0.999410 0.033797 0.006074 0.396179 -0.034011 0.998645 0.039394 116.042252 -0.004735 -0.039578 0.999205 1.375239 0.000000 0.000000 0.000000 1.000000
0.999355 0.035383 0.006154 0.596545 -0.035603 0.998553 0.040293 115.981964 -0.004719 -0.040486 0.999169 1.417416 0.000000 0.000000 0.000000 1.000000
0.999300 0.036860 0.006387 0.791979 -0.037093 0.998458 0.041293 115.926430 -0.004855 -0.041501 0.999127 1.474722 0.000000 0.000000 0.000000 1.000000
0.999246 0.038251 0.006634 0.972053 -0.038498 0.998363 0.042305 115.854500 -0.005005 -0.042529 0.999083 1.534841 0.000000 0.000000 0.000000 1.000000
0.999194 0.039578 0.006753 1.126341 -0.039833 0.998270 0.043240 115.745071 -0.005030 -0.043474 0.999042 1.585453 0.000000 0.000000 0.000000 1.000000
0.999141 0.040887 0.006779 1.256442 -0.041147 0.998179 0.044109 115.591469 -0.004963 -0.044350 0.999004 1.625694 0.000000 0.000000 0.000000 1.000000
0.999087 0.042179 0.006797 1.371586 -0.042443 0.998087 0.044962 115.409737 -0.004888 -0.045210 0.998966 1.662693 0.000000 0.000000 0.000000 1.000000
0.999034 0.043413 0.006742 1.472790 -0.043676 0.997996 0.045779 115.212814 -0.004741 -0.046029 0.998929 1.696129 0.000000 0.000000 0.000000 1.000000
0.998986 0.044544 0.006545 1.561071 -0.044801 0.997911 0.046536 115.013649 -0.004459 -0.046782 0.998895 1.725680 0.000000 0.000000 0.000000 1.000000
0.998944 0.045531 0.006141 1.637447 -0.045770 0.997836 0.047209 114.825195 -0.003978 -0.047440 0.998866 1.751024 0.000000 0.000000 0.000000 1.000000
0.998914 0.046270 0.005394 1.691745 -0.046476 0.997778 0.047736 114.647240 -0.003173 -0.047935 0.998845 1.769284 0.000000 0.000000 0.000000 1.000000
0.998896 0.046783 0.004331 1.721958 -0.046937 0.997738 0.048127 114.472000 -0.002070 -0.048278 0.998832 1.780137 0.000000 0.000000 0.000000 1.000000
0.998880 0.047208 0.003126 1.741356 -0.047304 0.997704 0.048474 114.301041 -0.000830 -0.048568 0.998820 1.787091 0.000000 0.000000 0.000000 1.000000
0.998860 0.047687 0.001950 1.763209 -0.047725 0.997664 0.048866 114.135918 0.000385 -0.048903 0.998803 1.793657 0.000000 0.000000 0.000000 1.000000
0.998833 0.048293 0.000624 1.774962 -0.048265 0.997611 0.049427 114.016762 0.001764 -0.049399 0.998778 1.788732 0.000000 0.000000 0.000000 1.000000
0.998799 0.048989 -0.000584 1.779977 -0.048898 0.997540 0.050234 113.925156 0.003043 -0.050145 0.998737 1.784074 0.000000 0.000000 0.000000 1.000000
0.998759 0.049780 -0.001666 1.778325 -0.049629 0.997449 0.051310 113.852631 0.004216 -0.051163 0.998681 1.784527 0.000000 0.000000 0.000000 1.000000
0.998715 0.050604 -0.002658 1.769201 -0.050394 0.997343 0.052613 113.785301 0.005313 -0.052412 0.998611 1.792430 0.000000 0.000000 0.000000 1.000000
0.998674 0.051347 -0.003613 1.751266 -0.051077 0.997233 0.054021 113.707962 0.006377 -0.053765 0.998533 1.806002 0.000000 0.000000 0.000000 1.000000
0.998645 0.051840 -0.004626 1.724581 -0.051505 0.997136 0.055378 113.605644 0.007484 -0.055064 0.998455 1.820779 0.000000 0.000000 0.000000 1.000000
0.998623 0.052154 -0.005588 1.685785 -0.051754 0.997050 0.056679 113.515831 0.008528 -0.056312 0.998377 1.835237 0.000000 0.000000 0.000000 1.000000
0.998611 0.052291 -0.006474 1.633863 -0.051829 0.996973 0.057945 113.455460 0.009485 -0.057529 0.998299 1.850250 0.000000 0.000000 0.000000 1.000000
0.998600 0.052389 -0.007362 1.580506 -0.051863 0.996897 0.059224 113.402023 0.010441 -0.058759 0.998218 1.866566 0.000000 0.000000 0.000000 1.000000
0.998590 0.052450 -0.008221 1.523237 -0.051859 0.996822 0.060476 113.352623 0.011367 -0.059965 0.998136 1.881993 0.000000 0.000000 0.000000 1.000000
0.998581 0.052475 -0.009023 1.459580 -0.051822 0.996751 0.061659 113.304375 0.012230 -0.061104 0.998056 1.894338 0.000000 0.000000 0.000000 1.000000
0.998575 0.052466 -0.009739 1.387058 -0.051755 0.996688 0.062732 113.254402 0.012998 -0.062139 0.997983 1.901408 0.000000 0.000000 0.000000 1.000000
0.998570 0.052441 -0.010354 1.305493 -0.051678 0.996627 0.063750 113.199127 0.013662 -0.063124 0.997912 1.903104 0.000000 0.000000 0.000000 1.000000
0.998567 0.052402 -0.010888 1.216536 -0.051591 0.996568 0.064740 113.140457 0.014244 -0.064086 0.997843 1.900887 0.000000 0.000000 0.000000 1.000000
0.998566 0.052314 -0.011363 1.120454 -0.051460 0.996517 0.065620 113.083778 0.014756 -0.064941 0.997780 1.894907 0.000000 0.000000 0.000000 1.000000
0.998570 0.052148 -0.011798 1.017515 -0.051255 0.996482 0.066308 113.034439 0.015214 -0.065608 0.997729 1.885312 0.000000 0.000000 0.000000 1.000000
0.998579 0.051870 -0.012213 0.907985 -0.050945 0.996470 0.066720 112.997803 0.015631 -0.066003 0.997697 1.872250 0.000000 0.000000 0.000000 1.000000
0.998591 0.051522 -0.012707 0.795032 -0.050563 0.996482 0.066841 112.968353 0.016106 -0.066104 0.997683 1.857712 0.000000 0.000000 0.000000 1.000000
0.998604 0.051125 -0.013264 0.678478 -0.050132 0.996511 0.066726 112.942520 0.016629 -0.065968 0.997683 1.841598 0.000000 0.000000 0.000000 1.000000
0.998624 0.050616 -0.013740 0.553572 -0.049598 0.996560 0.066398 112.928574 0.017053 -0.065625 0.997699 1.820924 0.000000 0.000000 0.000000 1.000000
0.998655 0.049932 -0.013987 0.415563 -0.048908 0.996628 0.065882 112.934761 0.017229 -0.065109 0.997729 1.792704 0.000000 0.000000 0.000000 1.000000
0.998702 0.049013 -0.013859 0.259702 -0.048010 0.996716 0.065202 112.969353 0.017009 -0.064452 0.997776 1.753954 0.000000 0.000000 0.000000 1.000000
0.998761 0.047919 -0.013436 0.091344 -0.046959 0.996817 0.064425 113.024910 0.016480 -0.063714 0.997832 1.707163 0.000000 0.000000 0.000000 1.000000
0.998823 0.046761 -0.012906 -0.080800 -0.045850 0.996922 0.063601 113.087822 0.015841 -0.062934 0.997892 1.657170 0.000000 0.000000 0.000000 1.000000
0.998887 0.045549 -0.012288 -0.256449 -0.044692 0.997029 0.062735 113.157097 0.015109 -0.062116 0.997955 1.604515 0.000000 0.000000 0.000000 1.000000
0.998951 0.044292 -0.011598 -0.435320 -0.043493 0.997139 0.061831 113.231766 0.014304 -0.061262 0.998019 1.549736 0.000000 0.000000 0.000000 1.000000
0.999016 0.042998 -0.010855 -0.617131 -0.042261 0.997249 0.060894 113.310837 0.013443 -0.060375 0.998085 1.493372 0.000000 0.000000 0.000000 1.000000
0.999080 0.041679 -0.010075 -0.801601 -0.041003 0.997360 0.059927 113.393326 0.012546 -0.059459 0.998152 1.435962 0.000000 0.000000 0.000000 1.000000
0.999143 0.040343 -0.009276 -0.988446 -0.039728 0.997471 0.058934 113.478256 0.011630 -0.058515 0.998219 1.378044 0.000000 0.000000 0.000000 1.000000
0.999203 0.038999 -0.008476 -1.177385 -0.038444 0.997581 0.057920 113.564636 0.010714 -0.057548 0.998285 1.320158 0.000000 0.000000 0.000000 1.000000
0.999261 0.037656 -0.007692 -1.368137 -0.037159 0.997689 0.056888 113.651489 0.009817 -0.056560 0.998351 1.262843 0.000000 0.000000 0.000000 1.000000
0.999316 0.036324 -0.006943 -1.560418 -0.035880 0.997795 0.055842 113.737831 0.008956 -0.055555 0.998415 1.206636 0.000000 0.000000 0.000000 1.000000
0.999367 0.035011 -0.006246 -1.753947 -0.034617 0.997898 0.054786 113.822678 0.008151 -0.054535 0.998479 1.152078 0.000000 0.000000 0.000000 1.000000
0.999415 0.033741 -0.005621 -1.963948 -0.033394 0.998018 0.053339 113.916954 0.007410 -0.053120 0.998561 1.095347 0.000000 0.000000 0.000000 1.000000
0.999462 0.032390 -0.005090 -2.200837 -0.032085 0.998153 0.051591 114.026367 0.006751 -0.051400 0.998655 1.041455 0.000000 0.000000 0.000000 1.000000
0.999516 0.030743 -0.004671 -2.457119 -0.030470 0.998272 0.050252 114.142181 0.006208 -0.050085 0.998726 1.004188 0.000000 0.000000 0.000000 1.000000
0.999574 0.028850 -0.004343 -2.722820 -0.028601 0.998369 0.049404 114.258392 0.005761 -0.049258 0.998769 0.981595 0.000000 0.000000 0.000000 1.000000
0.999630 0.026907 -0.004054 -2.992476 -0.026678 0.998460 0.048646 114.375023 0.005357 -0.048520 0.998808 0.962193 0.000000 0.000000 0.000000 1.000000
0.999682 0.024920 -0.003790 -3.265349 -0.024709 0.998544 0.047959 114.492378 0.004980 -0.047850 0.998842 0.945470 0.000000 0.000000 0.000000 1.000000
0.999732 0.022892 -0.003535 -3.540704 -0.022699 0.998622 0.047324 114.610725 0.004614 -0.047231 0.998873 0.930914 0.000000 0.000000 0.000000 1.000000
0.999778 0.020829 -0.003273 -3.817804 -0.020654 0.998694 0.046722 114.730339 0.004242 -0.046644 0.998903 0.918014 0.000000 0.000000 0.000000 1.000000
0.999820 0.018736 -0.002988 -4.095913 -0.018579 0.998762 0.046135 114.851494 0.003849 -0.046071 0.998931 0.906258 0.000000 0.000000 0.000000 1.000000
0.999858 0.016618 -0.002664 -4.374295 -0.016480 0.998826 0.045544 114.974487 0.003418 -0.045494 0.998959 0.895135 0.000000 0.000000 0.000000 1.000000
0.999893 0.014480 -0.002284 -4.652212 -0.014363 0.998887 0.044930 115.099571 0.002932 -0.044893 0.998988 0.884133 0.000000 0.000000 0.000000 1.000000
0.999934 0.011416 -0.001040 -4.954079 -0.011358 0.998943 0.044534 115.278297 0.001548 -0.044519 0.999007 0.904176 0.000000 0.000000 0.000000 1.000000
0.999966 0.008257 0.000328 -5.260802 -0.008264 0.998991 0.044133 115.479851 0.000037 -0.044134 0.999026 0.926710 0.000000 0.000000 0.000000 1.000000
0.999986 0.005065 0.001684 -5.569383 -0.005133 0.999030 0.043742 115.689362 -0.001461 -0.043750 0.999041 0.951539 0.000000 0.000000 0.000000 1.000000
0.999994 0.001796 0.002846 -5.882382 -0.001918 0.999057 0.043375 115.915848 -0.002765 -0.043380 0.999055 0.985356 0.000000 0.000000 0.000000 1.000000
0.999992 -0.001566 0.003808 -6.199091 0.001401 0.999071 0.043062 116.126724 -0.003872 -0.043056 0.999065 1.033330 0.000000 0.000000 0.000000 1.000000
0.999977 -0.004932 0.004702 -6.516662 0.004726 0.999074 0.042769 116.322800 -0.004909 -0.042746 0.999074 1.085944 0.000000 0.000000 0.000000 1.000000
0.999951 -0.008224 0.005452 -6.834833 0.007984 0.999064 0.042506 116.460419 -0.005797 -0.042461 0.999081 1.147600 0.000000 0.000000 0.000000 1.000000
0.999916 -0.011424 0.006077 -7.152343 0.011157 0.999048 0.042181 116.549873 -0.006553 -0.042110 0.999091 1.208791 0.000000 0.000000 0.000000 1.000000
0.999870 -0.014673 0.006694 -7.469357 0.014382 0.999026 0.041708 116.602959 -0.007300 -0.041606 0.999107 1.261819 0.000000 0.000000 0.000000 1.000000
0.999811 -0.017964 0.007407 -7.786080 0.017644 0.998995 0.041206 116.645523 -0.008140 -0.041067 0.999123 1.311182 0.000000 0.000000 0.000000 1.000000
0.999734 -0.021413 0.008592 -8.101842 0.021046 0.998950 0.040699 116.671898 -0.009454 -0.040507 0.999135 1.350378 0.000000 0.000000 0.000000 1.000000
0.999637 -0.024880 0.010331 -8.415076 0.024445 0.998887 0.040327 116.679504 -0.011323 -0.040060 0.999133 1.384604 0.000000 0.000000 0.000000 1.000000
0.999525 -0.028174 0.012486 -8.723598 0.027652 0.998811 0.040149 116.658989 -0.013603 -0.039785 0.999116 1.416726 0.000000 0.000000 0.000000 1.000000
0.999406 -0.031103 0.014841 -9.025574 0.030485 0.998727 0.040178 116.610786 -0.016072 -0.039701 0.999082 1.448095 0.000000 0.000000 0.000000 1.000000
0.999288 -0.033551 0.017255 -9.339615 0.032832 0.998645 0.040370 116.560799 -0.018586 -0.039775 0.999036 1.476843 0.000000 0.000000 0.000000 1.000000
0.999173 -0.035646 0.019552 -9.666660 0.034832 0.998574 0.040466 116.513626 -0.020966 -0.039751 0.998990 1.498680 0.000000 0.000000 0.000000 1.000000
0.999081 -0.037116 0.021421 -10.022701 0.036235 0.998536 0.040166 116.478203 -0.022881 -0.039353 0.998963 1.504482 0.000000 0.000000 0.000000 1.000000
0.998997 -0.038228 0.023328 -10.387023 0.037280 0.998512 0.039791 116.439598 -0.024815 -0.038881 0.998936 1.502079 0.000000 0.000000 0.000000 1.000000
0.998904 -0.038837 0.026135 -10.737427 0.037782 0.998496 0.039723 116.366104 -0.027638 -0.038692 0.998869 1.489937 0.000000 0.000000 0.000000 1.000000
0.998798 -0.039198 0.029433 -11.080671 0.038008 0.998477 0.039988 116.261368 -0.030956 -0.038822 0.998767 1.475155 0.000000 0.000000 0.000000 1.000000
0.998691 -0.039435 0.032568 -11.417302 0.038104 0.998452 0.040518 116.124115 -0.034115 -0.039224 0.998648 1.462166 0.000000 0.000000 0.000000 1.000000
0.998583 -0.039658 0.035490 -11.748749 0.038191 0.998424 0.041114 115.970612 -0.037064 -0.039701 0.998524 1.449291 0.000000 0.000000 0.000000 1.000000
0.998479 -0.039949 0.037987 -12.071383 0.038357 0.998391 0.041753 115.793114 -0.039594 -0.040233 0.998406 1.435749 0.000000 0.000000 0.000000 1.000000
0.998383 -0.040177 0.040206 -12.387620 0.038470 0.998361 0.042374 115.604034 -0.041842 -0.040758 0.998293 1.421860 0.000000 0.000000 0.000000 1.000000
0.998321 -0.040013 0.041893 -12.690594 0.038219 0.998353 0.042788 115.408112 -0.043536 -0.041115 0.998205 1.407240 0.000000 0.000000 0.000000 1.000000
0.998279 -0.039555 0.043290 -12.981273 0.037682 0.998353 0.043251 115.209633 -0.044929 -0.041545 0.998126 1.395435 0.000000 0.000000 0.000000 1.000000
0.998248 -0.038956 0.044529 -13.259083 0.037003 0.998351 0.043876 115.009125 -0.046165 -0.042151 0.998044 1.387348 0.000000 0.000000 0.000000 1.000000
0.998185 -0.038453 0.046354 -13.532058 0.036391 0.998345 0.044523 114.772980 -0.047990 -0.042755 0.997932 1.379686 0.000000 0.000000 0.000000 1.000000
0.998113 -0.037948 0.048272 -13.815802 0.035771 0.998338 0.045187 114.521652 -0.049907 -0.043375 0.997812 1.371277 0.000000 0.000000 0.000000 1.000000
0.998035 -0.037495 0.050198 -14.069012 0.035202 0.998330 0.045806 114.295197 -0.051832 -0.043949 0.997688 1.365023 0.000000 0.000000 0.000000 1.000000
0.997953 -0.037149 0.052047 -14.250382 0.034748 0.998322 0.046318 114.133690 -0.053681 -0.044414 0.997570 1.363829 0.000000 0.000000 0.000000 1.000000
0.997866 -0.036906 0.053867 -14.372648 0.034399 0.998315 0.046742 114.026184 -0.055501 -0.044789 0.997454 1.365954 0.000000 0.000000 0.000000 1.000000
0.997770 -0.036713 0.055735 -14.477310 0.034100 0.998306 0.047143 113.934036 -0.057371 -0.045137 0.997332 1.368118 0.000000 0.000000 0.000000 1.000000
0.997669 -0.036555 0.057615 -14.566219 0.033834 0.998297 0.047520 113.855774 -0.059254 -0.045460 0.997207 1.370912 0.000000 0.000000 0.000000 1.000000
0.997566 -0.036413 0.059470 -14.641229 0.033586 0.998288 0.047876 113.789917 -0.061112 -0.045762 0.997081 1.374925 0.000000 0.000000 0.000000 1.000000
0.997462 -0.036272 0.061264 -14.704191 0.033340 0.998281 0.048212 113.734978 -0.062908 -0.046047 0.996957 1.380748 0.000000 0.000000 0.000000 1.000000
0.997362 -0.036114 0.062961 -14.756954 0.033083 0.998274 0.048528 113.689484 -0.064605 -0.046317 0.996835 1.388970 0.000000 0.000000 0.000000 1.000000
0.997269 -0.035922 0.064523 -14.801373 0.032799 0.998269 0.048826 113.651955 -0.066166 -0.046576 0.996721 1.400182 0.000000 0.000000 0.000000 1.000000
0.997187 -0.035679 0.065915 -14.839298 0.032472 0.998266 0.049106 113.620903 -0.067553 -0.046828 0.996616 1.414974 0.000000 0.000000 0.000000 1.000000
0.997157 -0.035270 0.066583 -14.821104 0.032017 0.998270 0.049311 113.646118 -0.068207 -0.047039 0.996562 1.448132 0.000000 0.000000 0.000000 1.000000
0.997185 -0.034694 0.066470 -14.734787 0.031440 0.998285 0.049388 113.734962 -0.068069 -0.047159 0.996565 1.499752 0.000000 0.000000 0.000000 1.000000
0.997218 -0.034105 0.066288 -14.638636 0.030862 0.998305 0.049345 113.822311 -0.067859 -0.047162 0.996580 1.548395 0.000000 0.000000 0.000000 1.000000
0.997257 -0.033504 0.065996 -14.512736 0.030317 0.998353 0.048710 113.880516 -0.067519 -0.046576 0.996630 1.575006 0.000000 0.000000 0.000000 1.000000
0.997287 -0.033113 0.065747 -14.367585 0.030012 0.998415 0.047606 113.956451 -0.067219 -0.045504 0.996700 1.590607 0.000000 0.000000 0.000000 1.000000
0.997298 -0.032842 0.065719 -14.204491 0.029845 0.998492 0.046076 114.065559 -0.067133 -0.043990 0.996774 1.596605 0.000000 0.000000 0.000000 1.000000
0.997327 -0.032513 0.065430 -13.982042 0.029657 0.998584 0.044158 114.214806 -0.066773 -0.042100 0.996880 1.580306 0.000000 0.000000 0.000000 1.000000
0.997356 -0.032198 0.065155 -13.757113 0.029483 0.998674 0.042202 114.367500 -0.066428 -0.040170 0.996982 1.562788 0.000000 0.000000 0.000000 1.000000
0.997384 -0.031884 0.064875 -13.529786 0.029312 0.998761 0.040225 114.522224 -0.066077 -0.038219 0.997082 1.544304 0.000000 0.000000 0.000000 1.000000
0.997414 -0.031562 0.064569 -13.300142 0.029132 0.998844 0.038245 114.677544 -0.065701 -0.036266 0.997180 1.525107 0.000000 0.000000 0.000000 1.000000
0.997447 -0.031222 0.064217 -13.068267 0.028932 0.998923 0.036279 114.832039 -0.065281 -0.034329 0.997276 1.505448 0.000000 0.000000 0.000000 1.000000
0.997486 -0.030853 0.063801 -12.834241 0.028703 0.998998 0.034344 114.984276 -0.064797 -0.032427 0.997371 1.485579 0.000000 0.000000 0.000000 1.000000
0.997530 -0.030445 0.063299 -12.598147 0.028433 0.999069 0.032458 115.132828 -0.064229 -0.030578 0.997467 1.465753 0.000000 0.000000 0.000000 1.000000
0.997685 -0.029368 0.061338 -12.307699 0.027491 0.999134 0.031229 115.235481 -0.062202 -0.029470 0.997628 1.438834 0.000000 0.000000 0.000000 1.000000
0.997849 -0.028080 0.059228 -11.996941 0.026329 0.999199 0.030130 115.331070 -0.060027 -0.028505 0.997790 1.409587 0.000000 0.000000 0.000000 1.000000
0.998011 -0.026754 0.057076 -11.683526 0.025125 0.999262 0.029062 115.425163 -0.057812 -0.027570 0.997947 1.380199 0.000000 0.000000 0.000000 1.000000
0.998164 -0.025450 0.054962 -11.368423 0.023938 0.999322 0.027983 115.520187 -0.055637 -0.026616 0.998096 1.350187 0.000000 0.000000 0.000000 1.000000
0.998302 -0.024228 0.052966 -11.052595 0.022830 0.999379 0.026848 115.618599 -0.053583 -0.025593 0.998235 1.319070 0.000000 0.000000 0.000000 1.000000
0.998380 -0.023533 0.051804 -10.728359 0.022245 0.999432 0.025297 115.740059 -0.052370 -0.024103 0.998337 1.279681 0.000000 0.000000 0.000000 1.000000
0.998449 -0.022810 0.050784 -10.402502 0.021653 0.999496 0.023220 115.897926 -0.051288 -0.022084 0.998440 1.236756 0.000000 0.000000 0.000000 1.000000
0.998520 -0.021778 0.049836 -10.070116 0.020748 0.999562 0.021098 116.066902 -0.050273 -0.020033 0.998535 1.195251 0.000000 0.000000 0.000000 1.000000
0.998596 -0.020264 0.048942 -9.728295 0.019350 0.999631 0.019084 116.242264 -0.049311 -0.018110 0.998619 1.156701 0.000000 0.000000 0.000000 1.000000
0.998671 -0.018631 0.048057 -9.384288 0.017829 0.999695 0.017069 116.421967 -0.048360 -0.016190 0.998699 1.118336 0.000000 0.000000 0.000000 1.000000
0.998743 -0.016928 0.047179 -9.038631 0.016232 0.999755 0.015082 116.601486 -0.047423 -0.014297 0.998773 1.080787 0.000000 0.000000 0.000000 1.000000
0.998811 -0.015202 0.046309 -8.691861 0.014607 0.999807 0.013147 116.776245 -0.046500 -0.012455 0.998841 1.044684 0.000000 0.000000 0.000000 1.000000
0.998876 -0.013503 0.045446 -8.344514 0.013002 0.999852 0.011292 116.941719 -0.045592 -0.010689 0.998903 1.010659 0.000000 0.000000 0.000000 1.000000
0.998929 -0.011719 0.044759 -7.985375 0.011272 0.999884 0.010229 117.022751 -0.044874 -0.009714 0.998945 0.998591 0.000000 0.000000 0.000000 1.000000
0.998985 -0.010245 0.043863 -7.624445 0.009859 0.999911 0.009012 117.064247 -0.043952 -0.008571 0.998997 0.992258 0.000000 0.000000 0.000000 1.000000
0.999073 -0.008455 0.042212 -7.257928 0.008134 0.999937 0.007762 117.078995 -0.042275 -0.007411 0.999079 0.994530 0.000000 0.000000 0.000000 1.000000
0.999162 -0.006584 0.040395 -6.889725 0.006325 0.999958 0.006558 117.090004 -0.040437 -0.006297 0.999162 0.998811 0.000000 0.000000 0.000000 1.000000
0.999258 -0.004321 0.038262 -6.511305 0.004090 0.999973 0.006118 117.121437 -0.038288 -0.005957 0.999249 1.009422 0.000000 0.000000 0.000000 1.000000
0.999354 -0.001674 0.035892 -6.124177 0.001442 0.999978 0.006472 117.177963 -0.035902 -0.006416 0.999335 1.026021 0.000000 0.000000 0.000000 1.000000
0.999440 0.001114 0.033456 -5.735119 -0.001353 0.999974 0.007116 117.244690 -0.033448 -0.007158 0.999415 1.044912 0.000000 0.000000 0.000000 1.000000
0.999513 0.004006 0.030948 -5.343509 -0.004254 0.999959 0.007965 117.316528 -0.030915 -0.008093 0.999489 1.065386 0.000000 0.000000 0.000000 1.000000
0.999573 0.006966 0.028360 -4.948718 -0.007222 0.999934 0.008932 117.388374 -0.028296 -0.009133 0.999558 1.086733 0.000000 0.000000 0.000000 1.000000
0.999621 0.009957 0.025683 -4.550120 -0.010215 0.999898 0.009933 117.455093 -0.025581 -0.010192 0.999621 1.108246 0.000000 0.000000 0.000000 1.000000
0.999654 0.012941 0.022906 -4.147092 -0.013193 0.999854 0.010882 117.511597 -0.022762 -0.011180 0.999678 1.129216 0.000000 0.000000 0.000000 1.000000
0.999671 0.015982 0.020041 -3.738954 -0.016220 0.999799 0.011784 117.561272 -0.019849 -0.012106 0.999730 1.153890 0.000000 0.000000 0.000000 1.000000
0.999671 0.019119 0.017075 -3.325391 -0.019337 0.999732 0.012720 117.607254 -0.016827 -0.013046 0.999773 1.182895 0.000000 0.000000 0.000000 1.000000
0.999654 0.022272 0.013964 -2.906319 -0.022464 0.999654 0.013708 117.644035 -0.013654 -0.014017 0.999809 1.210092 0.000000 0.000000 0.000000 1.000000
0.999621 0.025363 0.010663 -2.481659 -0.025519 0.999565 0.014768 117.666122 -0.010284 -0.015035 0.999834 1.229342 0.000000 0.000000 0.000000 1.000000
0.999574 0.028314 0.007127 -2.051327 -0.028425 0.999469 0.015921 117.667999 -0.006673 -0.016117 0.999848 1.234504 0.000000 0.000000 0.000000 1.000000
0.999511 0.031101 0.003271 -1.613486 -0.031153 0.999367 0.017173 117.645126 -0.002735 -0.017267 0.999847 1.222508 0.000000 0.000000 0.000000 1.000000
0.999429 0.033779 -0.000875 -1.168191 -0.033757 0.999259 0.018512 117.601181 0.001500 -0.018472 0.999828 1.197447 0.000000 0.000000 0.000000 1.000000
0.999324 0.036387 -0.005182 -0.718198 -0.036277 0.999143 0.019930 117.542961 0.005903 -0.019728 0.999788 1.163927 0.000000 0.000000 0.000000 1.000000
0.999195 0.038961 -0.009520 -0.266264 -0.038751 0.999019 0.021416 117.477287 0.010345 -0.021030 0.999725 1.126556 0.000000 0.000000 0.000000 1.000000
0.999042 0.041540 -0.013758 0.184856 -0.041217 0.998886 0.022962 117.410957 0.014696 -0.022373 0.999642 1.089941 0.000000 0.000000 0.000000 1.000000
0.998884 0.043746 -0.017834 0.647433 -0.043292 0.998747 0.025090 117.281662 0.018909 -0.024290 0.999526 1.026300 0.000000 0.000000 0.000000 1.000000
0.998703 0.046221 -0.021356 1.097389 -0.045644 0.998599 0.026758 117.118782 0.022563 -0.025749 0.999414 0.949759 0.000000 0.000000 0.000000 1.000000
0.998503 0.048721 -0.024866 1.548652 -0.048011 0.998443 0.028414 116.955521 0.026211 -0.027178 0.999287 0.872823 0.000000 0.000000 0.000000 1.000000
0.998284 0.051242 -0.028350 1.999822 -0.050388 0.998277 0.030065 116.791130 0.029841 -0.028585 0.999146 0.795399 0.000000 0.000000 0.000000 1.000000
0.998047 0.053780 -0.031793 2.449496 -0.052772 0.998103 0.031719 116.624878 0.033439 -0.029979 0.998991 0.717393 0.000000 0.000000 0.000000 1.000000
0.997792 0.056331 -0.035184 2.896275 -0.055161 0.997919 0.033383 116.456017 0.036991 -0.031368 0.998823 0.638710 0.000000 0.000000 0.000000 1.000000
0.997522 0.058890 -0.038507 3.338756 -0.057549 0.997727 0.035063 116.283798 0.040484 -0.032760 0.998643 0.559258 0.000000 0.000000 0.000000 1.000000
0.997236 0.061455 -0.041748 3.775540 -0.059934 0.997525 0.036767 116.107491 0.043904 -0.034163 0.998451 0.478942 0.000000 0.000000 0.000000 1.000000
0.996955 0.064109 -0.044385 4.183706 -0.062420 0.997309 0.038462 115.908951 0.046731 -0.035575 0.998274 0.389739 0.000000 0.000000 0.000000 1.000000
0.996680 0.066625 -0.046796 4.548647 -0.064766 0.997091 0.040176 115.674278 0.049337 -0.037012 0.998096 0.299288 0.000000 0.000000 0.000000 1.000000
0.996377 0.068980 -0.049745 4.899038 -0.066919 0.996875 0.041975 115.396721 0.052485 -0.038494 0.997880 0.213274 0.000000 0.000000 0.000000 1.000000
0.996064 0.071210 -0.052788 5.231857 -0.068931 0.996659 0.043803 115.103951 0.055731 -0.039992 0.997645 0.130172 0.000000 0.000000 0.000000 1.000000
0.995793 0.072937 -0.055467 5.510631 -0.070448 0.996474 0.045577 114.853157 0.058595 -0.041477 0.997420 0.062561 0.000000 0.000000 0.000000 1.000000
0.995574 0.074157 -0.057741 5.736032 -0.071469 0.996321 0.047296 114.654190 0.061036 -0.042959 0.997211 0.010831 0.000000 0.000000 0.000000 1.000000
0.995372 0.075160 -0.059881 5.937513 -0.072273 0.996180 0.049006 114.474541 0.063336 -0.044452 0.997002 -0.034168 0.000000 0.000000 0.000000 1.000000
0.995185 0.076004 -0.061892 6.121769 -0.072918 0.996049 0.050688 114.307907 0.065500 -0.045931 0.996795 -0.074167 0.000000 0.000000 0.000000 1.000000
0.995009 0.076746 -0.063778 6.295495 -0.073463 0.995924 0.052323 114.147980 0.067533 -0.047377 0.996592 -0.110896 0.000000 0.000000 0.000000 1.000000
0.994840 0.077443 -0.065543 6.465384 -0.073967 0.995803 0.053891 113.988449 0.069441 -0.048765 0.996393 -0.146086 0.000000 0.000000 0.000000 1.000000
0.994859 0.077022 -0.065746 6.531843 -0.073479 0.995795 0.054716 113.884613 0.069684 -0.049604 0.996335 -0.147417 0.000000 0.000000 0.000000 1.000000
0.995029 0.075540 -0.064898 6.447154 -0.072066 0.995920 0.054306 113.907127 0.068735 -0.049359 0.996413 -0.133881 0.000000 0.000000 0.000000 1.000000
0.995204 0.073995 -0.063990 6.353850 -0.070598 0.996052 0.053809 113.936485 0.067719 -0.049034 0.996499 -0.119276 0.000000 0.000000 0.000000 1.000000
0.995383 0.072393 -0.063024 6.252398 -0.069080 0.996189 0.053251 113.972672 0.066639 -0.048651 0.996590 -0.103881 0.000000 0.000000 0.000000 1.000000
0.995566 0.070741 -0.062000 6.143261 -0.067516 0.996328 0.052653 114.015671 0.065497 -0.048233 0.996686 -0.087970 0.000000 0.000000 0.000000 1.000000
0.995752 0.069045 -0.060920 6.026906 -0.065911 0.996468 0.052040 114.065460 0.064298 -0.047804 0.996785 -0.071821 0.000000 0.000000 0.000000 1.000000
0.995939 0.067311 -0.059784 5.903801 -0.064268 0.996606 0.051435 114.122025 0.063043 -0.047384 0.996885 -0.055710 0.000000 0.000000 0.000000 1.000000
0.996236 0.064755 -0.057630 5.647557 -0.061870 0.996805 0.050516 114.304184 0.060717 -0.046761 0.997059 -0.035419 0.000000 0.000000 0.000000 1.000000
0.996556 0.061946 -0.055124 5.353783 -0.059235 0.997015 0.049527 114.500427 0.058027 -0.046091 0.997250 -0.014395 0.000000 0.000000 0.000000 1.000000
0.996871 0.059211 -0.052369 4.980157 -0.056692 0.997221 0.048343 114.660347 0.055086 -0.045223 0.997457 0.007455 0.000000 0.000000 0.000000 1.000000
0.997173 0.056483 -0.049556 4.599904 -0.054153 0.997419 0.047153 114.817963 0.052092 -0.044336 0.997658 0.029171 0.000000 0.000000 0.000000 1.000000
0.997459 0.053767 -0.046739 4.213811 -0.051621 0.997608 0.045965 114.972473 0.049099 -0.043435 0.997849 0.051074 0.000000 0.000000 0.000000 1.000000
0.997727 0.051070 -0.043972 3.822669 -0.049099 0.997789 0.044783 115.123085 0.046162 -0.042522 0.998029 0.073488 0.000000 0.000000 0.000000 1.000000
0.997974 0.048397 -0.041309 3.427265 -0.046591 0.997961 0.043614 115.268990 0.043336 -0.041601 0.998194 0.096735 0.000000 0.000000 0.000000 1.000000
0.998158 0.045932 -0.039644 2.970154 -0.044246 0.998121 0.042386 115.360161 0.041517 -0.040554 0.998314 0.128230 0.000000 0.000000 0.000000 1.000000
0.998318 0.043486 -0.038335 2.495104 -0.041904 0.998274 0.041140 115.463913 0.040058 -0.039464 0.998418 0.166513 0.000000 0.000000 0.000000 1.000000
0.998477 0.040975 -0.036949 2.011185 -0.039494 0.998421 0.039957 115.583214 0.038528 -0.038436 0.998518 0.206218 0.000000 0.000000 0.000000 1.000000
0.998642 0.038333 -0.035273 1.515666 -0.036957 0.998560 0.038881 115.744064 0.036712 -0.037524 0.998621 0.247677 0.000000 0.000000 0.000000 1.000000
0.998816 0.035510 -0.033238 1.011091 -0.034240 0.998690 0.038019 115.903374 0.034545 -0.036836 0.998724 0.285590 0.000000 0.000000 0.000000 1.000000
0.999000 0.032453 -0.030744 0.500184 -0.031294 0.998808 0.037465 116.030655 0.031923 -0.036466 0.998825 0.315482 0.000000 0.000000 0.000000 1.000000
0.999177 0.029290 -0.028044 -0.014204 -0.028243 0.998914 0.037059 116.145775 0.029099 -0.036237 0.998919 0.342069 0.000000 0.000000 0.000000 1.000000
0.999337 0.026126 -0.025362 -0.528213 -0.025187 0.999009 0.036686 116.246788 0.026296 -0.036023 0.999005 0.367467 0.000000 0.000000 0.000000 1.000000
0.999475 0.022985 -0.022854 -1.039039 -0.022145 0.999093 0.036373 116.276611 0.023670 -0.035848 0.999077 0.387633 0.000000 0.000000 0.000000 1.000000
0.999590 0.019909 -0.020583 -1.542474 -0.019161 0.999171 0.035915 116.286491 0.021281 -0.035506 0.999143 0.408039 0.000000 0.000000 0.000000 1.000000
0.999687 0.016854 -0.018498 -2.035386 -0.016194 0.999247 0.035261 116.300789 0.019079 -0.034951 0.999207 0.431247 0.000000 0.000000 0.000000 1.000000
0.999770 0.013738 -0.016492 -2.494601 -0.013163 0.999319 0.034470 116.350395 0.016954 -0.034245 0.999270 0.459876 0.000000 0.000000 0.000000 1.000000
0.999839 0.010621 -0.014495 -2.949694 -0.010128 0.999382 0.033667 116.404739 0.014844 -0.033515 0.999328 0.489472 0.000000 0.000000 0.000000 1.000000
0.999894 0.007490 -0.012491 -3.401239 -0.007076 0.999434 0.032875 116.461700 0.012730 -0.032783 0.999381 0.518836 0.000000 0.000000 0.000000 1.000000
0.999936 0.004333 -0.010463 -3.849807 -0.003995 0.999476 0.032113 116.519089 0.010597 -0.032069 0.999429 0.546771 0.000000 0.000000 0.000000 1.000000
0.999965 0.000963 -0.008311 -4.271739 -0.000701 0.999504 0.031476 116.585312 0.008338 -0.031469 0.999470 0.565352 0.000000 0.000000 0.000000 1.000000
0.999978 -0.002509 -0.006096 -4.679967 0.002696 0.999521 0.030835 116.663963 0.006015 -0.030851 0.999506 0.571048 0.000000 0.000000 0.000000 1.000000
0.999975 -0.005935 -0.003882 -5.081941 0.006049 0.999525 0.030203 116.769547 0.003701 -0.030225 0.999536 0.563793 0.000000 0.000000 0.000000 1.000000
0.999959 -0.008923 -0.001821 -5.473934 0.008973 0.999517 0.029751 116.905739 0.001555 -0.029766 0.999556 0.544353 0.000000 0.000000 0.000000 1.000000
0.999932 -0.011689 0.000149 -5.861288 0.011679 0.999499 0.029402 117.044083 -0.000493 -0.029398 0.999568 0.521331 0.000000 0.000000 0.000000 1.000000
0.999903 -0.013792 0.001810 -6.235425 0.013733 0.999475 0.029351 117.162582 -0.002214 -0.029323 0.999568 0.492586 0.000000 0.000000 0.000000 1.000000
0.999874 -0.015546 0.003113 -6.598109 0.015448 0.999448 0.029402 117.211845 -0.003569 -0.029351 0.999563 0.462554 0.000000 0.000000 0.000000 1.000000
0.999842 -0.017226 0.004345 -6.957780 0.017091 0.999419 0.029476 117.246269 -0.004850 -0.029397 0.999556 0.431663 0.000000 0.000000 0.000000 1.000000
0.999809 -0.018777 0.005493 -7.303599 0.018607 0.999390 0.029557 117.251068 -0.006045 -0.029449 0.999548 0.390893 0.000000 0.000000 0.000000 1.000000
0.999773 -0.020279 0.006547 -7.637031 0.020076 0.999359 0.029638 117.231827 -0.007144 -0.029500 0.999539 0.340378 0.000000 0.000000 0.000000 1.000000
0.999734 -0.021791 0.007538 -7.966121 0.021558 0.999326 0.029722 117.202988 -0.008181 -0.029552 0.999530 0.286284 0.000000 0.000000 0.000000 1.000000
0.999694 -0.023228 0.008515 -8.289902 0.022964 0.999292 0.029810 117.162941 -0.009202 -0.029606 0.999519 0.228645 0.000000 0.000000 0.000000 1.000000
0.999654 -0.024505 0.009529 -8.607405 0.024211 0.999260 0.029902 117.110115 -0.010254 -0.029661 0.999507 0.167493 0.000000 0.000000 0.000000 1.000000
0.999617 -0.025539 0.010628 -8.917665 0.025210 0.999232 0.029997 117.042923 -0.011386 -0.029718 0.999493 0.102861 0.000000 0.000000 0.000000 1.000000
0.999592 -0.026040 0.011766 -9.214417 0.025677 0.999220 0.030006 116.932571 -0.012539 -0.029692 0.999480 0.025845 0.000000 0.000000 0.000000 1.000000
0.999576 -0.026021 0.013052 -9.492836 0.025619 0.999221 0.030017 116.785248 -0.013823 -0.029670 0.999464 -0.060900 0.000000 0.000000 0.000000 1.000000
0.999557 -0.025847 0.014764 -9.754112 0.025391 0.999218 0.030297 116.651802 -0.015535 -0.029909 0.999432 -0.140001 0.000000 0.000000 0.000000 1.000000
0.999531 -0.025664 0.016696 -10.008074 0.025141 0.999209 0.030825 116.548805 -0.017474 -0.030391 0.999385 -0.211278 0.000000 0.000000 0.000000 1.000000
0.999505 -0.025400 0.018568 -10.261353 0.024808 0.999199 0.031409 116.455063 -0.019351 -0.030933 0.999334 -0.283937 0.000000 0.000000 0.000000 1.000000
0.999474 -0.025099 0.020547 -10.510347 0.024433 0.999187 0.032059 116.364784 -0.021335 -0.031540 0.999275 -0.354685 0.000000 0.000000 0.000000 1.000000
0.999432 -0.024809 0.022800 -10.751450 0.024055 0.999173 0.032784 116.272209 -0.023595 -0.032216 0.999202 -0.420230 0.000000 0.000000 0.000000 1.000000
0.999373 -0.024577 0.025495 -10.981056 0.023714 0.999154 0.033593 116.171539 -0.026299 -0.032968 0.999110 -0.477279 0.000000 0.000000 0.000000 1.000000
0.999286 -0.024448 0.028799 -11.195564 0.023450 0.999130 0.034498 116.057030 -0.029617 -0.033798 0.998990 -0.522542 0.000000 0.000000 0.000000 1.000000
0.999167 -0.024408 0.032702 -11.395607 0.023244 0.999099 0.035506 115.928947 -0.033539 -0.034716 0.998834 -0.556169 0.000000 0.000000 0.000000 1.000000
0.999016 -0.024409 0.037017 -11.585639 0.023054 0.999064 0.036601 115.792831 -0.037876 -0.035712 0.998644 -0.581797 0.000000 0.000000 0.000000 1.000000
0.998833 -0.024453 0.041645 -11.767788 0.022883 0.999025 0.037760 115.650764 -0.042528 -0.036763 0.998419 -0.601358 0.000000 0.000000 0.000000 1.000000
0.998617 -0.024537 0.046488 -11.944179 0.022733 0.998982 0.038958 115.504860 -0.047396 -0.037847 0.998159 -0.616784 0.000000 0.000000 0.000000 1.000000
0.998371 -0.024663 0.051445 -12.116939 0.022607 0.998937 0.040171 115.357201 -0.052381 -0.038943 0.997868 -0.630009 0.000000 0.000000 0.000000 1.000000
0.998098 -0.024826 0.056419 -12.288193 0.022507 0.998890 0.041376 115.209885 -0.057383 -0.040028 0.997549 -0.642965 0.000000 0.000000 0.000000 1.000000
0.997805 -0.025026 0.061310 -12.460071 0.022437 0.998842 0.042549 115.065018 -0.062303 -0.041080 0.997211 -0.657585 0.000000 0.000000 0.000000 1.000000
0.997499 -0.025257 0.066019 -12.634694 0.022400 0.998795 0.043665 114.924683 -0.067043 -0.042077 0.996862 -0.675802 0.000000 0.000000 0.000000 1.000000
0.997191 -0.026352 0.070116 -12.785922 0.023280 0.998748 0.044269 114.820740 -0.071195 -0.042513 0.996556 -0.708474 0.000000 0.000000 0.000000 1.000000
0.996889 -0.027561 0.073840 -12.930032 0.024312 0.998711 0.044552 114.721458 -0.074973 -0.042618 0.996274 -0.744047 0.000000 0.000000 0.000000 1.000000
0.996609 -0.028795 0.077077 -13.066419 0.025407 0.998683 0.044580 114.625847 -0.078260 -0.042471 0.996028 -0.779295 0.000000 0.000000 0.000000 1.000000
0.996364 -0.029868 0.079794 -13.193740 0.026377 0.998663 0.044450 114.534973 -0.081015 -0.042184 0.995820 -0.811756 0.000000 0.000000 0.000000 1.000000
0.996155 -0.030575 0.082097 -13.310270 0.027003 0.998655 0.044269 114.452881 -0.083340 -0.041882 0.995641 -0.839626 0.000000 0.000000 0.000000 1.000000
0.995967 -0.030727 0.084299 -13.397234 0.027101 0.998671 0.043834 114.440636 -0.085534 -0.041372 0.995476 -0.834087 0.000000 0.000000 0.000000 1.000000
0.995775 -0.030828 0.086493 -13.482800 0.027150 0.998690 0.043383 114.432320 -0.087717 -0.040852 0.995307 -0.827233 0.000000 0.000000 0.000000 1.000000
0.995581 -0.030897 0.088682 -13.566757 0.027171 0.998709 0.042919 114.427780 -0.089893 -0.040320 0.995135 -0.818551 0.000000 0.000000 0.000000 1.000000
0.995382 -0.030955 0.090866 -13.648898 0.027185 0.998729 0.042442 114.426842 -0.092065 -0.039776 0.994958 -0.807524 0.000000 0.000000 0.000000 1.000000
0.995178 -0.031023 0.093049 -13.729012 0.027212 0.998749 0.041954 114.429352 -0.094234 -0.039219 0.994777 -0.793639 0.000000 0.000000 0.000000 1.000000
0.994968 -0.031123 0.095232 -13.806889 0.027274 0.998768 0.041455 114.435165 -0.096405 -0.038649 0.994592 -0.776381 0.000000 0.000000 0.000000 1.000000
0.994749 -0.031466 0.097385 -13.847090 0.027605 0.998788 0.040739 114.504677 -0.098549 -0.037837 0.994413 -0.705809 0.000000 0.000000 0.000000 1.000000
0.994540 -0.031594 0.099458 -13.866506 0.027704 0.998805 0.040254 114.562469 -0.100611 -0.037279 0.994227 -0.615207 0.000000 0.000000 0.000000 1.000000
0.994334 -0.031668 0.101472 -13.867781 0.027739 0.998818 0.039905 114.609535 -0.102616 -0.036865 0.994038 -0.507229 0.000000 0.000000 0.000000 1.000000
0.994134 -0.031719 0.103404 -13.843598 0.027735 0.998825 0.039738 114.638138 -0.104543 -0.036637 0.993845 -0.374571 0.000000 0.000000 0.000000 1.000000
0.993933 -0.031759 0.105301 -13.807715 0.027715 0.998829 0.039648 114.659729 -0.106437 -0.036489 0.993650 -0.230724 0.000000 0.000000 0.000000 1.000000
0.993726 -0.031855 0.107206 -13.767176 0.027754 0.998833 0.039526 114.688072 -0.108340 -0.036303 0.993451 -0.083467 0.000000 0.000000 0.000000 1.000000
0.993500 -0.032252 0.109170 -13.705700 0.028116 0.998835 0.039215 114.754707 -0.110308 -0.035890 0.993249 0.078242 0.000000 0.000000 0.000000 1.000000
0.993256 -0.032755 0.111216 -13.631918 0.028603 0.998841 0.038723 114.867157 -0.112356 -0.035281 0.993042 0.243062 0.000000 0.000000 0.000000 1.000000
