<?xml version="1.0" encoding="utf-8"?>
<COLLADA xmlns="http://www.collada.org/2005/11/COLLADASchema" version="1.4.1">
  <asset><contributor><author>Mixamo</author><authoring_tool>COLLADA Mixamo exporter</authoring_tool><comments></comments></contributor><created>2021-03-12T06:11:00Z</created><modified>2021-03-12T06:11:00Z</modified><revision></revision><title></title><unit meter="0.010000"/><up_axis>Y_UP</up_axis></asset>
  <library_animations>
    <animation id="Hips-anim" name="Hips"><source id="Hips-Matrix-animation-input"><float_array id="Hips-Matrix-animation-input-array" count="104">

0.000000 0.033333 0.066667 0.100000 0.133333 0.166667 0.200000 0.233333 0.266667 0.300000 0.333333 0.366667 0.400000 0.433333 0.466667 0.500000
0.533333 0.566667 0.600000 0.633333 0.666667 0.700000 0.733333 0.766667 0.800000 0.833333 0.866667 0.900000 0.933333 0.966667 1.000000 1.033333
1.066667 1.100000 1.133333 1.166667 1.200000 1.233333 1.266667 1.300000 1.333333 1.366667 1.400000 1.433333 1.466667 1.500000 1.533333 1.566667
1.600000 1.633333 1.666667 1.700000 1.733333 1.766667 1.800000 1.833333 1.866667 1.900000 1.933333 1.966667 2.000000 2.033333 2.066667 2.100000
2.133333 2.166667 2.200000 2.233333 2.266667 2.300000 2.333333 2.366667 2.400000 2.433333 2.466667 2.500000 2.533333 2.566667 2.600000 2.633333
2.666667 2.700000 2.733333 2.766667 2.800000 2.833333 2.866667 2.900000 2.933333 2.966667 3.000000 3.033333 3.066667 3.100000 3.133333 3.166667
3.200000 3.233333 3.266667 3.300000 3.333333 3.366667 3.400000 3.433333</float_array><technique_common><accessor source="#Hips-Matrix-animation-input-array" count="104"><param name="TIME" type="float"/></accessor></technique_common></source><source id="Hips-Matrix-animation-output-transform"><float_array id="Hips-Matrix-animation-output-transform-array" count="1664">

0.932559 0.079386 0.352181 -87.180733 0.046114 0.941339 -0.334296 100.402847 -0.358060 0.327991 0.874194 -9.163492 0.000000 0.000000 0.000000 1.000000
0.913158 0.110394 0.392371 -88.027496 0.024901 0.945719 -0.324031 101.843353 -0.406843 0.305662 0.860842 -10.849655 0.000000 0.000000 0.000000 1.000000
0.892139 0.136846 0.430537 -88.647049 0.005088 0.949913 -0.312473 102.941154 -0.451733 0.280960 0.846758 -12.560017 0.000000 0.000000 0.000000 1.000000
0.870749 0.157031 0.465979 -89.141121 -0.011901 0.954090 -0.299283 103.487930 -0.491583 0.255055 0.832642 -14.244879 0.000000 0.000000 0.000000 1.000000
0.851180 0.168220 0.497187 -89.628922 -0.023449 0.958492 -0.284155 103.447784 -0.524350 0.230208 0.819794 -15.926339 0.000000 0.000000 0.000000 1.000000
0.834764 0.169111 0.523994 -90.142540 -0.027671 0.963348 -0.266822 102.813881 -0.549912 0.208234 0.808848 -17.834381 0.000000 0.000000 0.000000 1.000000
0.821330 0.161040 0.547251 -90.634224 -0.027828 0.969494 -0.243530 101.540527 -0.569775 0.184789 0.800756 -20.344028 0.000000 0.000000 0.000000 1.000000
0.811486 0.144353 0.566262 -91.135002 -0.028490 0.977630 -0.208393 99.655556 -0.583677 0.152975 0.797446 -23.558184 0.000000 0.000000 0.000000 1.000000
0.806550 0.119191 0.579026 -91.690704 -0.031187 0.986679 -0.159664 97.291992 -0.590343 0.110718 0.799523 -26.950899 0.000000 0.000000 0.000000 1.000000
0.811065 0.087536 0.578369 -92.164574 -0.035423 0.994275 -0.100808 94.680840 -0.583882 0.061275 0.809523 -29.806498 0.000000 0.000000 0.000000 1.000000
0.823779 0.063882 0.563300 -92.223297 -0.043844 0.997834 -0.049044 92.162437 -0.565213 0.015704 0.824796 -31.797445 0.000000 0.000000 0.000000 1.000000
0.837241 0.056376 0.543920 -91.687805 -0.057838 0.998222 -0.014434 90.105934 -0.543766 -0.019374 0.839013 -33.098331 0.000000 0.000000 0.000000 1.000000
0.847105 0.064477 0.527500 -90.448021 -0.075378 0.997155 -0.000834 89.005600 -0.526053 -0.039055 0.849555 -33.566090 0.000000 0.000000 0.000000 1.000000
0.852953 0.085544 0.514931 -89.161026 -0.094923 0.995451 -0.008137 88.976624 -0.513285 -0.041938 0.857193 -33.541149 0.000000 0.000000 0.000000 1.000000
0.855735 0.114328 0.504626 -86.822350 -0.111818 0.993099 -0.035378 89.709740 -0.505188 -0.026152 0.862613 -31.700523 0.000000 0.000000 0.000000 1.000000
0.856028 0.149712 0.494776 -84.425201 -0.126599 0.988712 -0.080137 91.093277 -0.501188 0.005961 0.865318 -28.784628 0.000000 0.000000 0.000000 1.000000
0.855430 0.183095 0.484475 -80.635178 -0.132913 0.981707 -0.136328 92.707977 -0.500573 0.052226 0.864118 -24.132092 0.000000 0.000000 0.000000 1.000000
0.856411 0.206398 0.473244 -76.209816 -0.127000 0.972669 -0.194388 94.251572 -0.500431 0.106374 0.859217 -18.720076 0.000000 0.000000 0.000000 1.000000
0.860672 0.212844 0.462539 -71.567482 -0.106958 0.963743 -0.244457 95.388115 -0.497800 0.160925 0.852232 -13.276025 0.000000 0.000000 0.000000 1.000000
0.867932 0.202606 0.453480 -66.968491 -0.077466 0.957064 -0.279334 95.902519 -0.490604 0.207314 0.846362 -8.015377 0.000000 0.000000 0.000000 1.000000
0.876180 0.185394 0.444901 -62.682987 -0.051789 0.953932 -0.295519 95.929459 -0.479193 0.235887 0.845418 -4.179012 0.000000 0.000000 0.000000 1.000000
0.884887 0.168282 0.434346 -59.484867 -0.037302 0.955067 -0.294034 95.694717 -0.464310 0.243985 0.851403 -0.388638 0.000000 0.000000 0.000000 1.000000
0.893654 0.156308 0.420655 -56.106976 -0.035174 0.958892 -0.281582 95.720543 -0.447376 0.236841 0.862416 1.493863 0.000000 0.000000 0.000000 1.000000
0.901445 0.146615 0.407309 -53.124424 -0.035704 0.962874 -0.267579 95.799431 -0.431418 0.226665 0.873213 3.559670 0.000000 0.000000 0.000000 1.000000
0.906391 0.137291 0.399509 -50.048546 -0.032962 0.965817 -0.257121 95.791801 -0.421153 0.219883 0.879933 5.534502 0.000000 0.000000 0.000000 1.000000
0.908469 0.127503 0.398030 -46.771210 -0.027359 0.968430 -0.247780 95.698082 -0.417057 0.214211 0.883277 6.902051 0.000000 0.000000 0.000000 1.000000
0.910987 0.114203 0.396308 -43.217106 -0.019808 0.971905 -0.234539 95.482689 -0.411959 0.205812 0.887655 8.455364 0.000000 0.000000 0.000000 1.000000
0.917936 0.096421 0.384833 -39.468338 -0.011549 0.976099 -0.217018 95.325890 -0.396560 0.194764 0.897110 9.604038 0.000000 0.000000 0.000000 1.000000
0.928933 0.075912 0.362381 -35.803486 -0.001652 0.979596 -0.200970 95.068420 -0.370243 0.186089 0.910105 11.151321 0.000000 0.000000 0.000000 1.000000
0.938514 0.057719 0.340383 -32.123585 0.009610 0.981176 -0.192875 94.708557 -0.345109 0.184287 0.920293 12.666132 0.000000 0.000000 0.000000 1.000000
0.941223 0.044078 0.334898 -28.751881 0.023029 0.980769 -0.193807 94.280556 -0.337001 0.190128 0.922107 14.393807 0.000000 0.000000 0.000000 1.000000
0.935731 0.037607 0.350703 -25.646914 0.035039 0.979470 -0.198521 93.988785 -0.350969 0.198051 0.915203 15.100529 0.000000 0.000000 0.000000 1.000000
0.925036 0.040273 0.377739 -22.800980 0.038888 0.979101 -0.199621 93.534164 -0.377884 0.199346 0.904138 16.482365 0.000000 0.000000 0.000000 1.000000
0.915058 0.055218 0.399525 -18.944332 0.025529 0.980668 -0.194007 93.193611 -0.402514 0.187727 0.895958 16.668156 0.000000 0.000000 0.000000 1.000000
0.910707 0.076584 0.405891 -13.885138 0.001105 0.982206 -0.187803 93.342819 -0.413051 0.171482 0.894418 16.081684 0.000000 0.000000 0.000000 1.000000
0.915654 0.102339 0.388720 -7.277902 -0.027085 0.980558 -0.194353 93.784935 -0.401053 0.167431 0.900624 15.257259 0.000000 0.000000 0.000000 1.000000
0.929831 0.129296 0.344525 1.553235 -0.053055 0.973562 -0.222176 94.360245 -0.364143 0.188308 0.912108 13.453632 0.000000 0.000000 0.000000 1.000000
0.948297 0.151311 0.278994 11.043141 -0.076206 0.961879 -0.262645 94.651245 -0.308099 0.227804 0.923678 11.521681 0.000000 0.000000 0.000000 1.000000
0.963057 0.165703 0.212284 20.505526 -0.099096 0.951030 -0.292784 94.506401 -0.250404 0.260931 0.932316 9.959162 0.000000 0.000000 0.000000 1.000000
0.970505 0.175533 0.165253 29.529760 -0.121191 0.947779 -0.295005 94.415474 -0.208406 0.266277 0.941097 8.148422 0.000000 0.000000 0.000000 1.000000
0.973684 0.175564 0.145317 36.323322 -0.130737 0.952560 -0.274840 93.500534 -0.186675 0.248609 0.950445 6.416552 0.000000 0.000000 0.000000 1.000000
0.975467 0.177405 0.130352 41.821270 -0.140240 0.957185 -0.253239 92.958313 -0.169697 0.228746 0.958582 5.113805 0.000000 0.000000 0.000000 1.000000
0.979318 0.170537 0.108878 45.483002 -0.139386 0.958705 -0.247905 91.654694 -0.146659 0.227602 0.962647 3.981481 0.000000 0.000000 0.000000 1.000000
0.983702 0.164331 0.072972 48.778648 -0.140498 0.955770 -0.258386 90.965240 -0.112205 0.243922 0.963282 2.248739 0.000000 0.000000 0.000000 1.000000
0.987305 0.156397 0.027729 51.515270 -0.142916 0.950885 -0.274577 90.787468 -0.069310 0.267128 0.961165 0.436064 0.000000 0.000000 0.000000 1.000000
0.989219 0.144754 -0.022202 54.659809 -0.145001 0.946890 -0.287008 91.235489 -0.020523 0.287133 0.957671 -1.438375 0.000000 0.000000 0.000000 1.000000
0.989301 0.125818 -0.073849 57.533688 -0.142094 0.945707 -0.292316 92.262054 0.033061 0.299682 0.953466 -3.134260 0.000000 0.000000 0.000000 1.000000
0.987124 0.099386 -0.125338 60.173233 -0.132627 0.946576 -0.293945 93.630806 0.089427 0.306784 0.947569 -5.000886 0.000000 0.000000 0.000000 1.000000
0.982118 0.069130 -0.175114 62.537819 -0.119972 0.946632 -0.299156 95.001091 0.145088 0.314815 0.937998 -7.172648 0.000000 0.000000 0.000000 1.000000
0.974336 0.039839 -0.221544 64.681404 -0.109653 0.943544 -0.312571 96.172958 0.196584 0.328842 0.923698 -9.432238 0.000000 0.000000 0.000000 1.000000
0.964696 0.012645 -0.263063 66.661880 -0.102870 0.937592 -0.332174 97.240891 0.242445 0.347508 0.905792 -11.783548 0.000000 0.000000 0.000000 1.000000
0.954280 -0.014718 -0.298550 68.607147 -0.095898 0.930916 -0.352418 98.341522 0.283112 0.364936 0.886944 -14.190372 0.000000 0.000000 0.000000 1.000000
0.943696 -0.043745 -0.327910 70.710922 -0.085374 0.925437 -0.369158 99.440422 0.319609 0.376367 0.869596 -16.415781 0.000000 0.000000 0.000000 1.000000
0.933223 -0.071988 -0.352013 72.542068 -0.072230 0.922134 -0.380069 100.503235 0.351964 0.380115 0.855356 -18.664911 0.000000 0.000000 0.000000 1.000000
0.923463 -0.093691 -0.372072 74.605904 -0.060872 0.921671 -0.383167 101.148193 0.378827 0.376490 0.845426 -20.749344 0.000000 0.000000 0.000000 1.000000
0.914600 -0.113291 -0.388166 76.603889 -0.045750 0.924794 -0.377708 100.804268 0.401764 0.363210 0.840633 -23.995905 0.000000 0.000000 0.000000 1.000000
0.908390 -0.127273 -0.398284 79.207993 -0.029299 0.930831 -0.364274 99.658676 0.417097 0.342572 0.841828 -27.463049 0.000000 0.000000 0.000000 1.000000
0.905014 -0.136247 -0.402971 81.644447 -0.010818 0.939639 -0.341995 97.677040 0.425243 0.313870 0.848913 -31.139305 0.000000 0.000000 0.000000 1.000000
0.903563 -0.139088 -0.405252 84.337601 0.008168 0.951262 -0.308275 95.009827 0.428378 0.275236 0.860661 -35.325283 0.000000 0.000000 0.000000 1.000000
0.903805 -0.131238 -0.407324 87.204918 0.020874 0.964203 -0.264343 91.941589 0.427435 0.230412 0.874191 -39.537369 0.000000 0.000000 0.000000 1.000000
0.906094 -0.112319 -0.407894 89.641617 0.022308 0.975459 -0.219050 88.919815 0.422487 0.189381 0.886363 -43.033726 0.000000 0.000000 0.000000 1.000000
0.909068 -0.090996 -0.406589 91.168999 0.015977 0.982755 -0.184222 86.388397 0.416340 0.160975 0.894845 -45.532551 0.000000 0.000000 0.000000 1.000000
0.910542 -0.076905 -0.406201 91.539169 0.008690 0.985889 -0.167176 84.682442 0.413326 0.148690 0.898361 -46.640236 0.000000 0.000000 0.000000 1.000000
0.909010 -0.077468 -0.409512 91.003876 0.007645 0.985507 -0.169462 84.159157 0.416705 0.150912 0.896428 -46.388828 0.000000 0.000000 0.000000 1.000000
0.904677 -0.094689 -0.415443 89.460487 0.015403 0.981626 -0.190193 84.975891 0.425819 0.165665 0.889513 -44.700310 0.000000 0.000000 0.000000 1.000000
0.899348 -0.122743 -0.419651 86.543190 0.027158 0.973616 -0.226569 86.953133 0.436389 0.192368 0.878954 -41.886974 0.000000 0.000000 0.000000 1.000000
0.895402 -0.148740 -0.419681 82.984741 0.032549 0.961898 -0.271464 89.448311 0.444068 0.229409 0.866127 -37.591824 0.000000 0.000000 0.000000 1.000000
0.895001 -0.161626 -0.415753 78.796730 0.025597 0.949120 -0.313872 92.040840 0.445329 0.270274 0.853601 -33.092545 0.000000 0.000000 0.000000 1.000000
0.897983 -0.158672 -0.410427 74.326492 0.008949 0.939116 -0.343485 94.087135 0.439940 0.304771 0.844730 -28.480778 0.000000 0.000000 0.000000 1.000000
0.903266 -0.146770 -0.403199 70.738121 -0.006583 0.934828 -0.355039 95.273514 0.429031 0.323349 0.843432 -24.838482 0.000000 0.000000 0.000000 1.000000
0.909249 -0.134391 -0.393960 67.583252 -0.013234 0.936635 -0.350056 95.201035 0.416042 0.323501 0.849857 -21.953648 0.000000 0.000000 0.000000 1.000000
0.917452 -0.118558 -0.379771 64.544090 -0.017353 0.941733 -0.335914 95.058014 0.397468 0.314776 0.861937 -19.683508 0.000000 0.000000 0.000000 1.000000
0.926780 -0.100882 -0.361804 61.725136 -0.022924 0.946268 -0.322569 94.859283 0.374905 0.307245 0.874670 -17.639725 0.000000 0.000000 0.000000 1.000000
0.935571 -0.082429 -0.343383 58.806156 -0.032463 0.948184 -0.316059 94.585739 0.351642 0.306843 0.884418 -15.755987 0.000000 0.000000 0.000000 1.000000
0.942421 -0.062757 -0.328486 55.820637 -0.046394 0.948203 -0.314259 94.219070 0.331194 0.311404 0.890695 -14.093517 0.000000 0.000000 0.000000 1.000000
0.947011 -0.039253 -0.318793 52.665363 -0.065180 0.948370 -0.310397 93.814117 0.314518 0.314728 0.895558 -12.445908 0.000000 0.000000 0.000000 1.000000
0.950029 -0.009627 -0.312014 49.150970 -0.089263 0.949411 -0.301082 93.707687 0.299128 0.313887 0.901109 -10.763559 0.000000 0.000000 0.000000 1.000000
0.952467 0.025991 -0.303530 45.738892 -0.118223 0.949803 -0.289649 93.959671 0.280765 0.311766 0.907730 -8.657967 0.000000 0.000000 0.000000 1.000000
0.955298 0.062942 -0.288868 42.585667 -0.147856 0.947821 -0.282442 94.525429 0.256018 0.312527 0.914758 -6.395098 0.000000 0.000000 0.000000 1.000000
0.958773 0.094824 -0.267886 40.211040 -0.172409 0.943468 -0.283097 95.118431 0.225897 0.317611 0.920920 -4.278114 0.000000 0.000000 0.000000 1.000000
0.962725 0.114322 -0.245136 37.918694 -0.185342 0.938900 -0.290026 95.387207 0.197002 0.324649 0.925091 -2.512379 0.000000 0.000000 0.000000 1.000000
0.966803 0.117259 -0.227030 35.260345 -0.183490 0.936933 -0.297469 95.128120 0.177831 0.329252 0.927345 -1.216210 0.000000 0.000000 0.000000 1.000000
0.969799 0.108027 -0.218680 31.590572 -0.171863 0.938842 -0.298393 94.115150 0.173072 0.326964 0.929054 -0.175541 0.000000 0.000000 0.000000 1.000000
0.971356 0.092121 -0.219045 26.038586 -0.154594 0.945037 -0.288108 92.094208 0.180465 0.313719 0.932209 1.107760 0.000000 0.000000 0.000000 1.000000
0.970827 0.078263 -0.226651 19.907228 -0.138930 0.954001 -0.265670 90.197365 0.195433 0.289408 0.937043 2.508984 0.000000 0.000000 0.000000 1.000000
0.971381 0.058956 -0.230094 13.541278 -0.114881 0.964481 -0.237863 88.882111 0.207898 0.257489 0.943651 3.619200 0.000000 0.000000 0.000000 1.000000
0.975340 0.024985 -0.219288 6.596297 -0.074114 0.972955 -0.218783 88.549469 0.207891 0.229641 0.950814 4.168398 0.000000 0.000000 0.000000 1.000000
0.981255 -0.021637 -0.191497 -1.435316 -0.021974 0.974635 -0.222720 89.671051 0.191458 0.222753 0.955890 3.867585 0.000000 0.000000 0.000000 1.000000
0.987120 -0.069497 -0.144097 -11.758157 0.031597 0.967667 -0.250245 91.234894 0.156829 0.242469 0.957399 3.924906 0.000000 0.000000 0.000000 1.000000
0.991489 -0.101130 -0.081985 -22.676592 0.073924 0.955708 -0.284880 92.203049 0.107164 0.276395 0.955051 4.161616 0.000000 0.000000 0.000000 1.000000
0.993708 -0.110326 -0.019327 -32.165260 0.098912 0.945336 -0.310736 92.196083 0.052552 0.306869 0.950300 4.119803 0.000000 0.000000 0.000000 1.000000
0.993091 -0.113049 0.031479 -41.321152 0.117120 0.938000 -0.326250 91.825378 0.007355 0.327683 0.944759 4.101908 0.000000 0.000000 0.000000 1.000000
0.991662 -0.115031 0.058087 -49.017448 0.127977 0.931936 -0.339288 92.128967 -0.015105 0.343893 0.938887 3.708654 0.000000 0.000000 0.000000 1.000000
0.991078 -0.117204 0.063467 -55.955448 0.132140 0.926289 -0.352884 92.830086 -0.017430 0.358122 0.933512 3.045791 0.000000 0.000000 0.000000 1.000000
0.991312 -0.115347 0.063207 -61.851765 0.130508 0.922372 -0.363589 93.506905 -0.016361 0.368679 0.929413 2.337262 0.000000 0.000000 0.000000 1.000000
0.991683 -0.105967 0.073044 -66.325226 0.125611 0.920541 -0.369901 93.975769 -0.028043 0.376000 0.926195 1.576435 0.000000 0.000000 0.000000 1.000000
0.991173 -0.091458 0.095974 -69.904495 0.121146 0.918869 -0.375505 94.516418 -0.053845 0.383818 0.921838 0.719886 0.000000 0.000000 0.000000 1.000000
0.989766 -0.074152 0.121923 -73.187592 0.115416 0.918435 -0.378361 95.260010 -0.083923 0.388560 0.917593 -0.324349 0.000000 0.000000 0.000000 1.000000
0.987054 -0.055197 0.150589 -76.369354 0.108790 0.920315 -0.375746 96.057465 -0.117849 0.387264 0.914406 -1.612782 0.000000 0.000000 0.000000 1.000000
0.982124 -0.034150 0.185114 -79.376785 0.101834 0.923466 -0.369919 96.726746 -0.158314 0.382157 0.910436 -3.068460 0.000000 0.000000 0.000000 1.000000
0.974171 -0.010999 0.225542 -82.089050 0.094281 0.927399 -0.361997 97.321503 -0.205185 0.373912 0.904483 -4.555492 0.000000 0.000000 0.000000 1.000000
0.963137 0.016275 0.268517 -84.330894 0.082702 0.931914 -0.353125 98.039818 -0.255982 0.362315 0.896215 -6.035594 0.000000 0.000000 0.000000 1.000000
0.949307 0.046909 0.310831 -86.001785 0.066313 0.936667 -0.343885 99.043655 -0.307277 0.347064 0.886074 -7.549367 0.000000 0.000000 0.000000 1.000000
0.932559 0.079385 0.352181 -87.180710 0.046114 0.941339 -0.334296 100.402832 -0.358060 0.327991 0.874194 -9.163489 0.000000 0.000000 0.000000 1.000000</float_array><technique_common><accessor source="#Hips-Matrix-animation-output-transform-array" count="104" stride="16"><param type="float4x4"/></accessor></technique_common></source><source id="Hips-Interpolations"><Name_array id="Hips-Interpolations-array" count="104">
 LINEAR LINEAR LINEAR LINEAR LINEAR LINEAR LINEAR LINEAR LINEAR LINEAR LINEAR
LINEAR LINEAR LINEAR LINEAR LINEAR LINEAR LINEAR LINEAR LINEAR LINEAR LINEAR LINEAR
LINEAR LINEAR LINEAR LINEAR LINEAR LINEAR LINEAR LINEAR LINEAR LINEAR LINEAR LINEAR
LINEAR LINEAR LINEAR LINEAR LINEAR LINEAR LINEAR LINEAR LINEAR LINEAR LINEAR LINEAR
LINEAR LINEAR LINEAR LINEAR LINEAR LINEAR LINEAR LINEAR LINEAR LINEAR LINEAR LINEAR
LINEAR LINEAR LINEAR LINEAR LINEAR LINEAR LINEAR LINEAR LINEAR LINEAR LINEAR LINEAR
LINEAR LINEAR LINEAR LINEAR LINEAR LINEAR LINEAR LINEAR LINEAR LINEAR LINEAR LINEAR
LINEAR LINEAR LINEAR LINEAR LINEAR LINEAR LINEAR LINEAR LINEAR LINEAR LINEAR LINEAR
LINEAR LINEAR LINEAR LINEAR LINEAR LINEAR LINEAR LINEAR LINEAR</Name_array><technique_common><accessor source="#Hips-Interpolations-array" count="104"><param type="name"/></accessor></technique_common></source><sampler id="Hips-Matrix-animation-transform"><input semantic="INPUT" source="#Hips-Matrix-animation-input"/><input semantic="OUTPUT" source="#Hips-Matrix-animation-output-transform"/><input semantic="INTERPOLATION" source="#Hips-Interpolations"/></sampler><channel source="#Hips-Matrix-animation-transform" target="Hips/matrix"/></animation>
    <animation id="Spine-anim" name="Spine"><source id="Spine-Matrix-animation-input"><float_array id="Spine-Matrix-animation-input-array" count="104">

0.000000 0.033333 0.066667 0.100000 0.133333 0.166667 0.200000 0.233333 0.266667 0.300000 0.333333 0.366667 0.400000 0.433333 0.466667 0.500000
0.533333 0.566667 0.600000 0.633333 0.666667 0.700000 0.733333 0.766667 0.800000 0.833333 0.866667 0.900000 0.933333 0.966667 1.000000 1.033333
1.066667 1.100000 1.133333 1.166667 1.200000 1.233333 1.266667 1.300000 1.333333 1.366667 1.400000 1.433333 1.466667 1.500000 1.533333 1.566667
1.600000 1.633333 1.666667 1.700000 1.733333 1.766667 1.800000 1.833333 1.866667 1.900000 1.933333 1.966667 2.000000 2.033333 2.066667 2.100000
2.133333 2.166667 2.200000 2.233333 2.266667 2.300000 2.333333 2.366667 2.400000 2.433333 2.466667 2.500000 2.533333 2.566667 2.600000 2.633333
2.666667 2.700000 2.733333 2.766667 2.800000 2.833333 2.866667 2.900000 2.933333 2.966667 3.000000 3.033333 3.066667 3.100000 3.133333 3.166667
3.200000 3.233333 3.266667 3.300000 3.333333 3.366667 3.400000 3.433333</float_array><technique_common><accessor source="#Spine-Matrix-animation-input-array" count="104"><param name="TIME" type="float"/></accessor></technique_common></source><source id="Spine-Matrix-animation-output-transform"><float_array id="Spine-Matrix-animation-output-transform-array" count="1664">

0.963459 -0.167730 -0.208837 0.072000 0.084249 0.929857 -0.358146 7.257300 0.254260 0.327465 0.910010 -0.789700 0.000000 0.000000 0.000000 1.000000
0.955617 -0.185198 -0.229122 0.072000 0.101615 0.937184 -0.333708 7.257300 0.276532 0.295615 0.914408 -0.789700 0.000000 0.000000 0.000000 1.000000
0.946135 -0.198846 -0.255519 0.072000 0.115660 0.944689 -0.306895 7.257300 0.302411 0.260811 0.916802 -0.789700 0.000000 0.000000 0.000000 1.000000
0.935337 -0.206042 -0.287561 0.072000 0.123875 0.952173 -0.279325 7.257300 0.331360 0.225642 0.916126 -0.789700 0.000000 0.000000 0.000000 1.000000
0.926663 -0.203294 -0.316175 0.072000 0.120789 0.957567 -0.261680 7.257300 0.355956 0.204299 0.911898 -0.789700 0.000000 0.000000 0.000000 1.000000
0.923637 -0.193106 -0.331066 0.072000 0.106086 0.958858 -0.263320 7.257300 0.368294 0.208091 0.906122 -0.789700 0.000000 0.000000 0.000000 1.000000
0.924349 -0.184337 -0.334063 0.072000 0.087052 0.954346 -0.285738 7.257300 0.371484 0.235041 0.898196 -0.789700 0.000000 0.000000 0.000000 1.000000
0.927655 -0.178087 -0.328239 0.072000 0.063896 0.941697 -0.330339 7.257300 0.367931 0.285468 0.884949 -0.789700 0.000000 0.000000 0.000000 1.000000
0.934138 -0.166150 -0.315881 0.072000 0.031532 0.919994 -0.390662 7.257300 0.355517 0.354971 0.864640 -0.789700 0.000000 0.000000 0.000000 1.000000
0.943987 -0.144927 -0.296454 0.072000 -0.007037 0.889346 -0.457180 7.257300 0.329908 0.433658 0.838511 -0.789700 0.000000 0.000000 0.000000 1.000000
0.953877 -0.127050 -0.271986 0.072000 -0.033862 0.854706 -0.518006 7.257300 0.298281 0.503325 0.810983 -0.789700 0.000000 0.000000 0.000000 1.000000
0.960076 -0.124061 -0.250724 0.072000 -0.041166 0.823864 -0.565291 7.257300 0.276693 0.553044 0.785865 -0.789700 0.000000 0.000000 0.000000 1.000000
0.960928 -0.133724 -0.242352 0.072000 -0.037344 0.804922 -0.592204 7.257300 0.274266 0.578116 0.768479 -0.789700 0.000000 0.000000 0.000000 1.000000
0.956859 -0.148933 -0.249481 0.072000 -0.030190 0.803027 -0.595178 7.257300 0.288981 0.577033 0.763887 -0.789700 0.000000 0.000000 0.000000 1.000000
0.948944 -0.167876 -0.267065 0.072000 -0.017910 0.816588 -0.576943 7.257300 0.314937 0.552269 0.771890 -0.789700 0.000000 0.000000 0.000000 1.000000
0.939565 -0.195669 -0.280946 0.072000 0.010965 0.837369 -0.546528 7.257300 0.342194 0.510418 0.788908 -0.789700 0.000000 0.000000 0.000000 1.000000
0.930685 -0.227940 -0.286126 0.072000 0.053272 0.858257 -0.510448 7.257300 0.361921 0.459824 0.810910 -0.789700 0.000000 0.000000 0.000000 1.000000
0.923419 -0.254806 -0.287003 0.072000 0.094926 0.876208 -0.472491 7.257300 0.371868 0.409064 0.833296 -0.789700 0.000000 0.000000 0.000000 1.000000
0.918377 -0.265932 -0.293025 0.072000 0.119417 0.892244 -0.435477 7.257300 0.377257 0.364940 0.851173 -0.789700 0.000000 0.000000 0.000000 1.000000
0.916470 -0.261643 -0.302696 0.072000 0.124741 0.905688 -0.405177 7.257300 0.380160 0.333574 0.862674 -0.789700 0.000000 0.000000 0.000000 1.000000
0.919128 -0.256232 -0.299247 0.072000 0.126241 0.911096 -0.392387 7.257300 0.373185 0.322876 0.869761 -0.789700 0.000000 0.000000 0.000000 1.000000
0.927730 -0.258768 -0.268991 0.072000 0.135128 0.904633 -0.404203 7.257300 0.347933 0.338643 0.874222 -0.789700 0.000000 0.000000 0.000000 1.000000
0.939372 -0.268036 -0.213862 0.072000 0.154084 0.887126 -0.435048 7.257300 0.306331 0.375719 0.874641 -0.789700 0.000000 0.000000 0.000000 1.000000
0.949824 -0.272547 -0.153469 0.072000 0.172963 0.866473 -0.468304 7.257300 0.260611 0.418262 0.870137 -0.789700 0.000000 0.000000 0.000000 1.000000
0.957472 -0.268815 -0.104811 0.072000 0.184118 0.848944 -0.495373 7.257300 0.222143 0.455008 0.862334 -0.789700 0.000000 0.000000 0.000000 1.000000
0.963230 -0.259521 -0.069544 0.072000 0.186693 0.832643 -0.521394 7.257300 0.193219 0.489239 0.850477 -0.789700 0.000000 0.000000 0.000000 1.000000
0.969631 -0.241643 -0.037731 0.072000 0.180959 0.812625 -0.553981 7.257300 0.164527 0.530330 0.831674 -0.789700 0.000000 0.000000 0.000000 1.000000
0.978009 -0.208552 0.002277 0.072000 0.169406 0.787969 -0.591951 7.257300 0.121658 0.579319 0.805971 -0.789700 0.000000 0.000000 0.000000 1.000000
0.985862 -0.159779 0.050466 0.072000 0.155958 0.764873 -0.625017 7.257300 0.061265 0.624051 0.778978 -0.789700 0.000000 0.000000 0.000000 1.000000
0.989454 -0.108925 0.095482 0.072000 0.144839 0.752135 -0.642895 7.257300 -0.001788 0.649944 0.759980 -0.789700 0.000000 0.000000 0.000000 1.000000
0.989935 -0.072499 0.121541 0.072000 0.134170 0.753976 -0.643054 7.257300 -0.045018 0.652889 0.756114 -0.789700 0.000000 0.000000 0.000000 1.000000
0.990691 -0.058259 0.123033 0.072000 0.123361 0.766381 -0.630431 7.257300 -0.057562 0.639739 0.766433 -0.789700 0.000000 0.000000 0.000000 1.000000
0.992384 -0.063255 0.105704 0.072000 0.115235 0.779967 -0.615120 7.257300 -0.043536 0.622616 0.781315 -0.789700 0.000000 0.000000 0.000000 1.000000
0.993227 -0.082794 0.081513 0.072000 0.115380 0.785348 -0.608207 7.257300 -0.013660 0.613493 0.789582 -0.789700 0.000000 0.000000 0.000000 1.000000
0.993086 -0.105804 0.050860 0.072000 0.114691 0.782024 -0.612605 7.257300 0.025043 0.614202 0.788751 -0.789700 0.000000 0.000000 0.000000 1.000000
0.992770 -0.118874 0.016633 0.072000 0.103812 0.780761 -0.616145 7.257300 0.060257 0.613417 0.787457 -0.789700 0.000000 0.000000 0.000000 1.000000
0.993954 -0.108795 -0.014786 0.072000 0.077882 0.793548 -0.603503 7.257300 0.077392 0.598703 0.797223 -0.789700 0.000000 0.000000 0.000000 1.000000
0.996683 -0.073490 -0.034963 0.072000 0.040074 0.817102 -0.575099 7.257300 0.070833 0.571790 0.817336 -0.789700 0.000000 0.000000 0.000000 1.000000
0.998615 -0.031456 -0.042167 0.072000 0.002783 0.832008 -0.554757 7.257300 0.052534 0.553871 0.830943 -0.789700 0.000000 0.000000 0.000000 1.000000
0.999073 -0.005376 -0.042710 0.072000 -0.019904 0.822041 -0.569080 7.257300 0.038169 0.569402 0.821172 -0.789700 0.000000 0.000000 0.000000 1.000000
0.998650 0.002870 -0.051857 0.072000 -0.034096 0.789406 -0.612924 7.257300 0.039177 0.613865 0.788438 -0.789700 0.000000 0.000000 0.000000 1.000000
0.998326 -0.000371 -0.057842 0.072000 -0.037614 0.755517 -0.654049 7.257300 0.043943 0.655129 0.754238 -0.789700 0.000000 0.000000 0.000000 1.000000
0.997684 0.005495 -0.067791 0.072000 -0.049439 0.743076 -0.667378 7.257300 0.046707 0.669184 0.741627 -0.789700 0.000000 0.000000 0.000000 1.000000
0.997373 0.022375 -0.068895 0.072000 -0.062036 0.754897 -0.652903 7.257300 0.037400 0.655461 0.754302 -0.789700 0.000000 0.000000 0.000000 1.000000
0.996954 0.048824 -0.060812 0.072000 -0.076139 0.778071 -0.623545 7.257300 0.016872 0.626276 0.779419 -0.789700 0.000000 0.000000 0.000000 1.000000
0.995803 0.080499 -0.043537 0.072000 -0.090600 0.799911 -0.593240 7.257300 -0.012929 0.594695 0.803848 -0.789700 0.000000 0.000000 0.000000 1.000000
0.993081 0.115839 -0.019271 0.072000 -0.106166 0.815510 -0.568922 7.257300 -0.050188 0.567032 0.822166 -0.789700 0.000000 0.000000 0.000000 1.000000
0.988286 0.152235 0.010766 0.072000 -0.121526 0.827678 -0.547888 7.257300 -0.092319 0.540161 0.836483 -0.789700 0.000000 0.000000 0.000000 1.000000
0.981779 0.184340 0.046149 0.072000 -0.133679 0.842575 -0.521725 7.257300 -0.135059 0.506049 0.851865 -0.789700 0.000000 0.000000 0.000000 1.000000
0.974388 0.207586 0.086459 0.072000 -0.140860 0.863145 -0.484911 7.257300 -0.175288 0.460313 0.870279 -0.789700 0.000000 0.000000 0.000000 1.000000
0.966089 0.222909 0.130322 0.072000 -0.145262 0.886463 -0.439412 7.257300 -0.213474 0.405580 0.888782 -0.789700 0.000000 0.000000 0.000000 1.000000
0.956245 0.234358 0.175136 0.072000 -0.150821 0.907816 -0.391311 7.257300 -0.250698 0.347774 0.903440 -0.789700 0.000000 0.000000 0.000000 1.000000
0.945324 0.243835 0.216579 0.072000 -0.159036 0.924430 -0.346607 7.257300 -0.284727 0.293212 0.912665 -0.789700 0.000000 0.000000 0.000000 1.000000
0.935881 0.249060 0.249192 0.072000 -0.166187 0.935735 -0.311097 7.257300 -0.310659 0.249737 0.917127 -0.789700 0.000000 0.000000 0.000000 1.000000
0.930997 0.245279 0.270340 0.072000 -0.164290 0.942907 -0.289714 7.257300 -0.325966 0.225309 0.918140 -0.789700 0.000000 0.000000 0.000000 1.000000
0.929884 0.238583 0.279990 0.072000 -0.156131 0.945165 -0.286856 7.257300 -0.333075 0.223027 0.916144 -0.789700 0.000000 0.000000 0.000000 1.000000
0.931875 0.227369 0.282688 0.072000 -0.138722 0.943339 -0.301443 7.257300 -0.335209 0.241692 0.910615 -0.789700 0.000000 0.000000 0.000000 1.000000
0.935465 0.215697 0.279965 0.072000 -0.115482 0.935231 -0.334675 7.257300 -0.334020 0.280746 0.899785 -0.789700 0.000000 0.000000 0.000000 1.000000
0.940414 0.205339 0.271030 0.072000 -0.089072 0.918002 -0.386443 7.257300 -0.328158 0.339275 0.881592 -0.789700 0.000000 0.000000 0.000000 1.000000
0.946809 0.190886 0.259068 0.072000 -0.058117 0.893259 -0.445770 7.257300 -0.316506 0.407003 0.856839 -0.789700 0.000000 0.000000 0.000000 1.000000
0.953382 0.168125 0.250593 0.072000 -0.022904 0.868341 -0.495439 7.257300 -0.300895 0.466603 0.831711 -0.789700 0.000000 0.000000 0.000000 1.000000
0.957828 0.143567 0.248908 0.072000 0.010256 0.848603 -0.528930 7.257300 -0.287161 0.509177 0.811343 -0.789700 0.000000 0.000000 0.000000 1.000000
0.959415 0.128712 0.250912 0.072000 0.033098 0.832214 -0.553466 7.257300 -0.280050 0.539308 0.794178 -0.789700 0.000000 0.000000 0.000000 1.000000
0.959148 0.134766 0.248742 0.072000 0.034603 0.816758 -0.575942 7.257300 -0.280779 0.561021 0.778729 -0.789700 0.000000 0.000000 0.000000 1.000000
0.957062 0.165255 0.238168 0.072000 0.007426 0.807350 -0.590026 7.257300 -0.289790 0.566460 0.771456 -0.789700 0.000000 0.000000 0.000000 1.000000
0.951177 0.211141 0.225124 0.072000 -0.042631 0.812280 -0.581708 7.257300 -0.305687 0.543711 0.781623 -0.789700 0.000000 0.000000 0.000000 1.000000
0.940891 0.255043 0.222884 0.072000 -0.096597 0.832762 -0.545139 7.257300 -0.324643 0.491386 0.808175 -0.789700 0.000000 0.000000 0.000000 1.000000
0.929102 0.284461 0.236330 0.072000 -0.138042 0.859599 -0.491970 7.257300 -0.343095 0.424466 0.837922 -0.789700 0.000000 0.000000 0.000000 1.000000
0.918807 0.300127 0.256354 0.072000 -0.163375 0.880409 -0.445183 7.257300 -0.359308 0.367155 0.857960 -0.789700 0.000000 0.000000 0.000000 1.000000
0.912296 0.312013 0.265262 0.072000 -0.180629 0.887878 -0.423139 7.257300 -0.367545 0.338114 0.866366 -0.789700 0.000000 0.000000 0.000000 1.000000
0.909053 0.328497 0.256344 0.072000 -0.198366 0.882197 -0.427058 7.257300 -0.366433 0.337369 0.867127 -0.789700 0.000000 0.000000 0.000000 1.000000
0.909537 0.340775 0.237939 0.072000 -0.210774 0.871596 -0.442600 7.257300 -0.358214 0.352410 0.864575 -0.789700 0.000000 0.000000 0.000000 1.000000
0.912271 0.344334 0.221801 0.072000 -0.214354 0.862813 -0.457827 7.257300 -0.349018 0.370119 0.860929 -0.789700 0.000000 0.000000 0.000000 1.000000
0.917197 0.337972 0.211010 0.072000 -0.207789 0.857618 -0.470441 7.257300 -0.339962 0.387642 0.856831 -0.789700 0.000000 0.000000 0.000000 1.000000
0.924600 0.324516 0.199508 0.072000 -0.193756 0.851545 -0.487164 7.257300 -0.327983 0.411776 0.850216 -0.789700 0.000000 0.000000 0.000000 1.000000
0.934313 0.306755 0.181552 0.072000 -0.174981 0.838436 -0.516145 7.257300 -0.310550 0.450473 0.837038 -0.789700 0.000000 0.000000 0.000000 1.000000
0.945681 0.284293 0.157686 0.072000 -0.152085 0.815573 -0.558311 7.257300 -0.287328 0.504003 0.814508 -0.789700 0.000000 0.000000 0.000000 1.000000
0.958010 0.253692 0.133631 0.072000 -0.123927 0.786605 -0.604892 7.257300 -0.258571 0.562932 0.785015 -0.789700 0.000000 0.000000 0.000000 1.000000
0.970198 0.213520 0.114561 0.072000 -0.091293 0.760041 -0.643430 7.257300 -0.224456 0.613796 0.756884 -0.789700 0.000000 0.000000 0.000000 1.000000
0.980131 0.168391 0.104826 0.072000 -0.056791 0.744591 -0.665100 7.257300 -0.190049 0.645932 0.739360 -0.789700 0.000000 0.000000 0.000000 1.000000
0.986012 0.129514 0.104911 0.072000 -0.026438 0.743004 -0.668765 7.257300 -0.164563 0.656636 0.736035 -0.789700 0.000000 0.000000 0.000000 1.000000
0.988232 0.105806 0.110466 0.072000 -0.006450 0.750361 -0.660997 7.257300 -0.152827 0.652506 0.742213 -0.789700 0.000000 0.000000 0.000000 1.000000
0.988518 0.094745 0.117713 0.072000 0.004985 0.758143 -0.652070 7.257300 -0.151024 0.645169 0.748965 -0.789700 0.000000 0.000000 0.000000 1.000000
0.988565 0.087845 0.122567 0.072000 0.013151 0.759480 -0.650398 7.257300 -0.150221 0.644573 0.749640 -0.789700 0.000000 0.000000 0.000000 1.000000
0.988171 0.078242 0.131895 0.072000 0.028463 0.751540 -0.659073 7.257300 -0.150691 0.655031 0.740423 -0.789700 0.000000 0.000000 0.000000 1.000000
0.987413 0.070582 0.141540 0.072000 0.044932 0.732846 -0.678909 7.257300 -0.151646 0.676724 0.720450 -0.789700 0.000000 0.000000 0.000000 1.000000
0.986619 0.070673 0.146931 0.072000 0.054139 0.708037 -0.704097 7.257300 -0.153794 0.702630 0.694737 -0.789700 0.000000 0.000000 0.000000 1.000000
0.986357 0.072962 0.147571 0.072000 0.056594 0.691497 -0.720159 7.257300 -0.154589 0.718685 0.677934 -0.789700 0.000000 0.000000 0.000000 1.000000
0.988774 0.058194 0.137617 0.072000 0.058643 0.695985 -0.715657 7.257300 -0.137427 0.715694 0.684760 -0.789700 0.000000 0.000000 0.000000 1.000000
0.993126 0.011631 0.116474 0.072000 0.072860 0.717357 -0.692885 7.257300 -0.091613 0.696608 0.711578 -0.789700 0.000000 0.000000 0.000000 1.000000
0.994397 -0.055768 0.089807 0.072000 0.101579 0.739321 -0.665647 7.257300 -0.029274 0.671039 0.740844 -0.789700 0.000000 0.000000 0.000000 1.000000
0.992097 -0.110415 0.059605 0.072000 0.122663 0.753422 -0.645995 7.257300 0.026420 0.648201 0.761011 -0.789700 0.000000 0.000000 0.000000 1.000000
0.990606 -0.130014 0.042382 0.072000 0.127192 0.762195 -0.634729 7.257300 0.050221 0.634157 0.771572 -0.789700 0.000000 0.000000 0.000000 1.000000
0.992038 -0.117761 0.044637 0.072000 0.119545 0.769073 -0.627882 7.257300 0.039611 0.628219 0.777027 -0.789700 0.000000 0.000000 0.000000 1.000000
0.993472 -0.098858 0.056920 0.072000 0.112724 0.774246 -0.622766 7.257300 0.017495 0.625117 0.780335 -0.789700 0.000000 0.000000 0.000000 1.000000
0.993732 -0.094704 0.059392 0.072000 0.111179 0.781954 -0.613341 7.257300 0.011644 0.616100 0.787582 -0.789700 0.000000 0.000000 0.000000 1.000000
0.993701 -0.105007 0.039141 0.072000 0.107651 0.797393 -0.593781 7.257300 0.031140 0.594255 0.803674 -0.789700 0.000000 0.000000 0.000000 1.000000
0.993185 -0.116530 0.002109 0.072000 0.097242 0.818552 -0.566143 7.257300 0.064246 0.562489 0.824305 -0.789700 0.000000 0.000000 0.000000 1.000000
0.991744 -0.122394 -0.038251 0.072000 0.083182 0.841059 -0.534510 7.257300 0.097592 0.526916 0.844296 -0.789700 0.000000 0.000000 0.000000 1.000000
0.989007 -0.125587 -0.078055 0.072000 0.070216 0.863434 -0.499551 7.257300 0.130133 0.488579 0.862761 -0.789700 0.000000 0.000000 0.000000 1.000000
0.984340 -0.129931 -0.119129 0.072000 0.061207 0.885678 -0.460247 7.257300 0.165310 0.445749 0.879762 -0.789700 0.000000 0.000000 0.000000 1.000000
0.977594 -0.137831 -0.159097 0.072000 0.059814 0.906551 -0.417837 7.257300 0.201821 0.398958 0.894483 -0.789700 0.000000 0.000000 0.000000 1.000000
0.970504 -0.150721 -0.188162 0.072000 0.068490 0.920693 -0.384230 7.257300 0.231151 0.360009 0.903860 -0.789700 0.000000 0.000000 0.000000 1.000000
0.963459 -0.167730 -0.208837 0.072000 0.084249 0.929857 -0.358146 7.257300 0.254260 0.327465 0.910010 -0.789700 0.000000 0.000000 0.000000 1.000000</float_array><technique_common><accessor source="#Spine-Matrix-animation-output-transform-array" count="104" stride="16"><param type="float4x4"/></accessor></technique_common></source><source id="Spine-Interpolations"><Name_array id="Spine-Interpolations-array" count="104">
 LINEAR LINEAR LINEAR LINEAR LINEAR LINEAR LINEAR LINEAR LINEAR LINEAR LINEAR
LINEAR LINEAR LINEAR LINEAR LINEAR LINEAR LINEAR LINEAR LINEAR LINEAR LINEAR LINEAR
LINEAR LINEAR LINEAR LINEAR LINEAR LINEAR LINEAR LINEAR LINEAR LINEAR LINEAR LINEAR
LINEAR LINEAR LINEAR LINEAR LINEAR LINEAR LINEAR LINEAR LINEAR LINEAR LINEAR LINEAR
LINEAR LINEAR LINEAR LINEAR LINEAR LINEAR LINEAR LINEAR LINEAR LINEAR LINEAR LINEAR
LINEAR LINEAR LINEAR LINEAR LINEAR LINEAR LINEAR LINEAR LINEAR LINEAR LINEAR LINEAR
LINEAR LINEAR LINEAR LINEAR LINEAR LINEAR LINEAR LINEAR LINEAR LINEAR LINEAR LINEAR
LINEAR LINEAR LINEAR LINEAR LINEAR LINEAR LINEAR LINEAR LINEAR LINEAR LINEAR LINEAR
LINEAR LINEAR LINEAR LINEAR LINEAR LINEAR LINEAR LINEAR LINEAR</Name_array><technique_common><accessor source="#Spine-Interpolations-array" count="104"><param type="name"/></accessor></technique_common></source><sampler id="Spine-Matrix-animation-transform"><input semantic="INPUT" source="#Spine-Matrix-animation-input"/><input semantic="OUTPUT" source="#Spine-Matrix-animation-output-transform"/><input semantic="INTERPOLATION" source="#Spine-Interpolations"/></sampler><channel source="#Spine-Matrix-animation-transform" target="Spine/matrix"/></animation>
    <animation id="Spine1-anim" name="Spine1"><source id="Spine1-Matrix-animation-input"><float_array id="Spine1-Matrix-animation-input-array" count="104">

0.000000 0.033333 0.066667 0.100000 0.133333 0.166667 0.200000 0.233333 0.266667 0.300000 0.333333 0.366667 0.400000 0.433333 0.466667 0.500000
0.533333 0.566667 0.600000 0.633333 0.666667 0.700000 0.733333 0.766667 0.800000 0.833333 0.866667 0.900000 0.933333 0.966667 1.000000 1.033333
1.066667 1.100000 1.133333 1.166667 1.200000 1.233333 1.266667 1.300000 1.333333 1.366667 1.400000 1.433333 1.466667 1.500000 1.533333 1.566667
1.600000 1.633333 1.666667 1.700000 1.733333 1.766667 1.800000 1.833333 1.866667 1.900000 1.933333 1.966667 2.000000 2.033333 2.066667 2.100000
2.133333 2.166667 2.200000 2.233333 2.266667 2.300000 2.333333 2.366667 2.400000 2.433333 2.466667 2.500000 2.533333 2.566667 2.600000 2.633333
2.666667 2.700000 2.733333 2.766667 2.800000 2.833333 2.866667 2.900000 2.933333 2.966667 3.000000 3.033333 3.066667 3.100000 3.133333 3.166667
3.200000 3.233333 3.266667 3.300000 3.333333 3.366667 3.400000 3.433333</float_array><technique_common><accessor source="#Spine1-Matrix-animation-input-array" count="104"><param name="TIME" type="float"/></accessor></technique_common></source><source id="Spine1-Matrix-animation-output-transform"><float_array id="Spine1-Matrix-animation-output-transform-array" count="1664">

0.998973 -0.033386 -0.030638 0.000000 0.033960 0.999254 0.018394 8.466900 0.030001 -0.019416 0.999361 -0.921300 0.000000 0.000000 0.000000 1.000000
0.998061 -0.048617 -0.038867 0.000000 0.049738 0.998358 0.028427 8.466900 0.037421 -0.030305 0.998840 -0.921300 0.000000 0.000000 0.000000 1.000000
0.997235 -0.060064 -0.043757 0.000000 0.061143 0.997846 0.023750 8.466900 0.042236 -0.026360 0.998760 -0.921300 0.000000 0.000000 0.000000 1.000000
0.996707 -0.067396 -0.045094 -0.000000 0.067606 0.997707 0.003146 8.466900 0.044778 -0.006185 0.998978 -0.921300 0.000000 0.000000 0.000000 1.000000
0.996375 -0.071853 -0.045535 0.000000 0.070982 0.997268 -0.020466 8.466900 0.046881 0.017160 0.998753 -0.921300 0.000000 0.000000 0.000000 1.000000
0.996128 -0.073888 -0.047642 0.000000 0.072646 0.996984 -0.027292 8.466900 0.049515 0.023725 0.998492 -0.921300 0.000000 0.000000 0.000000 1.000000
0.996271 -0.070790 -0.049318 -0.000000 0.069699 0.997291 -0.023517 8.466900 0.050849 0.019992 0.998506 -0.921300 0.000000 0.000000 0.000000 1.000000
0.996683 -0.064813 -0.049212 -0.000000 0.063911 0.997761 -0.019694 8.466900 0.050378 0.016484 0.998594 -0.921300 0.000000 0.000000 0.000000 1.000000
